ts_code,ann_date,end_date,symbol,mkv,amount,stk_mkv_ratio,stk_float_ratio
005741.OF,20260122,20251231,688486.SH,3778886.43,50853.0,0.77,0.07
005741.OF,20260122,20251231,300394.SZ,3816964.0,18800.0,0.78,0.0
005741.OF,20260122,20251231,600704.SH,3842743.0,689900.0,0.78,0.01
005741.OF,20260122,20251231,000506.SZ,3897104.0,298400.0,0.8,0.03
005741.OF,20260122,20251231,3968.HK,1836065.62,38500.0,0.38,0.0
005741.OF,20260122,20251231,600036.SH,2092370.0,49700.0,0.43,0.0
005741.OF,20260122,20251231,600183.SH,3934691.0,55100.0,0.8,0.0
005741.OF,20260122,20251231,002006.SZ,4032156.0,174100.0,0.82,0.03
005741.OF,20260122,20251231,688401.SH,5320778.1,109010.0,1.09,0.06
005741.OF,20260122,20251231,1787.HK,1789143.34,57250.0,0.37,0.01
005741.OF,20260122,20251231,600547.SH,3592288.0,92800.0,0.73,0.0
005741.OF,20260122,20251231,2899.HK,6119676.79,190000.0,1.25,0.0
005741.OF,20251028,20250930,300750.SZ,4180800.0,10400.0,1.22,0.0
005741.OF,20251028,20250930,603444.SH,3294400.0,5800.0,0.96,0.01
005741.OF,20251028,20250930,603508.SH,4231050.0,126300.0,1.24,0.03
005741.OF,20251028,20250930,300476.SZ,3711500.0,13000.0,1.09,0.0
005741.OF,20251028,20250930,002056.SZ,2784591.0,135900.0,0.82,0.01
005741.OF,20251028,20250930,688093.SH,2751452.64,68976.0,0.81,0.03
005741.OF,20251028,20250930,2099.HK,3383467.36,26700.0,0.99,
005741.OF,20251028,20250930,2899.HK,5178787.75,174000.0,1.52,0.0
005741.OF,20251028,20250930,1818.HK,3653088.62,128000.0,1.07,
005741.OF,20251028,20250930,9988.HK,5558952.62,34400.0,1.63,
005741.OF,20250830,20250630,603120.SH,2172.95,65.0,0.0,0.0
005741.OF,20250830,20250630,603400.SH,2497.17,57.0,0.0,0.0
005741.OF,20250830,20250630,603409.SH,3165.4,95.0,0.0,0.0
005741.OF,20250830,20250630,603271.SH,4069.28,116.0,0.0,0.0
005741.OF,20250830,20250630,603014.SH,4444.48,136.0,0.0,0.0
005741.OF,20250830,20250630,603049.SH,5484.8,128.0,0.0,0.0
005741.OF,20250830,20250630,301665.SZ,8799.27,393.0,0.0,0.0
005741.OF,20250830,20250630,301501.SZ,10445.82,231.0,0.01,0.0
005741.OF,20250830,20250630,603072.SH,12142.35,223.0,0.01,0.0
005741.OF,20250830,20250630,301275.SZ,12867.51,229.0,0.01,0.0
005741.OF,20250830,20250630,688757.SH,13903.84,536.0,0.01,0.0
005741.OF,20250830,20250630,301479.SZ,14172.34,182.0,0.01,0.0
005741.OF,20250830,20250630,688583.SH,18087.36,227.0,0.01,0.0
005741.OF,20250830,20250630,688545.SH,23123.1,858.0,0.01,0.0
005741.OF,20250830,20250630,688708.SH,23553.54,426.0,0.01,0.0
005741.OF,20250830,20250630,688411.SH,38071.44,456.0,0.02,0.0
005741.OF,20250830,20250630,688605.SH,46611.6,744.0,0.03,0.0
005741.OF,20250830,20250630,301063.SZ,500304.0,16800.0,0.27,0.02
005741.OF,20250830,20250630,301292.SZ,526580.0,23300.0,0.29,0.03
005741.OF,20250830,20250630,001332.SZ,584192.0,16300.0,0.32,0.06
005741.OF,20250830,20250630,605500.SH,585288.0,79200.0,0.32,0.02
005741.OF,20250830,20250630,002614.SZ,586638.0,89700.0,0.32,0.02
005741.OF,20250830,20250630,002224.SZ,587328.0,128800.0,0.32,0.02
005741.OF,20250830,20250630,603916.SH,589806.0,65100.0,0.32,0.02
005741.OF,20250830,20250630,301223.SZ,591774.0,35800.0,0.32,0.03
005741.OF,20250830,20250630,688015.SH,595023.68,28552.0,0.32,0.02
005741.OF,20250830,20250630,001206.SZ,596400.0,28400.0,0.32,0.03
005741.OF,20250830,20250630,688162.SH,597318.72,21928.0,0.33,0.02
005741.OF,20250830,20250630,688450.SH,597858.18,22629.0,0.33,0.05
005741.OF,20250830,20250630,301232.SZ,608454.0,19800.0,0.33,0.04
005741.OF,20250830,20250630,688181.SH,609983.12,19601.0,0.33,0.01
005741.OF,20250830,20250630,300642.SZ,708032.0,48100.0,0.39,0.03
005741.OF,20250830,20250630,605567.SH,748836.0,73200.0,0.41,0.04
005741.OF,20250830,20250630,688733.SH,756596.18,39947.0,0.41,0.02
005741.OF,20250830,20250630,601007.SH,769370.0,101500.0,0.42,0.03
005741.OF,20250830,20250630,605566.SH,775620.0,37200.0,0.42,0.03
005741.OF,20250830,20250630,688775.SH,829870.16,4987.0,0.45,0.02
005741.OF,20250830,20250630,301150.SZ,893379.8,41630.0,0.49,0.04
005741.OF,20250830,20250630,600757.SH,945632.0,101900.0,0.51,0.01
005741.OF,20250830,20250630,301349.SZ,988471.0,25300.0,0.54,0.06
005741.OF,20250830,20250630,000544.SZ,992673.0,122100.0,0.54,0.01
005741.OF,20250830,20250630,300770.SZ,1039740.0,26000.0,0.57,0.01
005741.OF,20250830,20250630,600035.SH,1067632.0,251800.0,0.58,0.02
005741.OF,20250830,20250630,002391.SZ,1074724.0,183400.0,0.58,0.04
005741.OF,20250830,20250630,600901.SH,1084134.0,178900.0,0.59,0.0
005741.OF,20250830,20250630,600938.SH,1133174.0,43400.0,0.62,0.0
005741.OF,20250830,20250630,601665.SH,1154664.0,182700.0,0.63,0.0
005741.OF,20250830,20250630,002293.SZ,1165042.0,133300.0,0.63,0.02
005741.OF,20250830,20250630,000538.SZ,1171590.0,21000.0,0.64,0.0
005741.OF,20250830,20250630,600273.SH,1194552.0,141200.0,0.65,0.01
005741.OF,20250830,20250630,002032.SZ,1236404.0,23600.0,0.67,0.0
005741.OF,20250830,20250630,688657.SH,1254733.68,29544.0,0.68,0.07
005741.OF,20250830,20250630,600064.SH,1261356.0,163600.0,0.69,0.01
005741.OF,20250830,20250630,002852.SZ,1274348.0,133300.0,0.69,0.05
005741.OF,20250830,20250630,002659.SZ,1277136.0,253400.0,0.69,0.04
005741.OF,20250830,20250630,600337.SH,1278485.0,578500.0,0.7,0.04
005741.OF,20250830,20250630,601369.SH,1283928.0,146400.0,0.7,0.01
005741.OF,20250830,20250630,002363.SZ,1292178.0,169800.0,0.7,0.04
005741.OF,20250830,20250630,688133.SH,1301090.4,56520.0,0.71,0.03
005741.OF,20250830,20250630,603180.SH,1308384.0,67200.0,0.71,0.04
005741.OF,20250830,20250630,301170.SZ,1311730.0,49000.0,0.71,0.15
005741.OF,20250830,20250630,688257.SH,1315511.4,89796.0,0.72,0.04
005741.OF,20250830,20250630,603987.SH,1319010.0,171300.0,0.72,0.04
005741.OF,20250830,20250630,300365.SZ,1322613.0,200700.0,0.72,0.04
005741.OF,20250830,20250630,301235.SZ,1328568.0,56200.0,0.72,0.11
005741.OF,20250830,20250630,688121.SH,1332230.72,110284.0,0.72,0.08
005741.OF,20250830,20250630,600900.SH,1335202.0,44300.0,0.73,0.0
005741.OF,20250830,20250630,300305.SZ,1335972.0,209400.0,0.73,0.07
005741.OF,20250830,20250630,688485.SH,1337074.2,122780.0,0.73,0.14
005741.OF,20250830,20250630,688251.SH,1337086.52,62017.0,0.73,0.12
005741.OF,20250830,20250630,688325.SH,1351776.0,28162.0,0.74,0.05
005741.OF,20250830,20250630,688021.SH,1353654.28,88532.0,0.74,0.12
005741.OF,20250830,20250630,000928.SZ,1356480.0,216000.0,0.74,0.02
005741.OF,20250830,20250630,002966.SZ,1373192.0,156400.0,0.75,0.0
005741.OF,20250830,20250630,002669.SZ,1385040.0,119400.0,0.75,0.04
005741.OF,20250830,20250630,601988.SH,1393198.0,247900.0,0.76,0.0
005741.OF,20250830,20250630,002014.SZ,1404708.0,115900.0,0.76,0.02
005741.OF,20250830,20250630,688033.SH,1405655.31,219291.0,0.76,0.04
005741.OF,20250830,20250630,301282.SZ,1413030.0,57000.0,0.77,0.08
005741.OF,20250830,20250630,603808.SH,1429260.0,172200.0,0.78,0.05
005741.OF,20250830,20250630,688265.SH,1430671.57,44417.0,0.78,0.06
005741.OF,20250830,20250630,601117.SH,1451931.0,189300.0,0.79,0.0
005741.OF,20250830,20250630,601218.SH,1458639.0,354900.0,0.79,0.04
005741.OF,20250830,20250630,300889.SZ,1459871.6,108460.0,0.79,0.07
005741.OF,20250830,20250630,600795.SH,1466036.0,302900.0,0.8,0.0
005741.OF,20250830,20250630,600863.SH,1480011.0,360100.0,0.81,0.01
005741.OF,20250830,20250630,300241.SZ,1482570.0,260100.0,0.81,0.05
005741.OF,20250830,20250630,600153.SH,1484984.0,143200.0,0.81,0.0
005741.OF,20250830,20250630,600039.SH,1511730.0,152700.0,0.82,0.0
005741.OF,20250830,20250630,000498.SZ,1513512.0,257400.0,0.82,0.02
005741.OF,20250830,20250630,601328.SH,1513600.0,189200.0,0.82,0.0
005741.OF,20250830,20250630,600015.SH,1517929.0,191900.0,0.83,0.0
005741.OF,20250830,20250630,688020.SH,1539642.72,40656.0,0.84,0.05
005741.OF,20250830,20250630,605058.SH,1592176.0,52100.0,0.87,0.04
005741.OF,20250830,20250630,600803.SH,1597050.0,84500.0,0.87,0.0
005741.OF,20250830,20250630,601717.SH,1597182.0,96100.0,0.87,0.01
005741.OF,20250830,20250630,002661.SZ,1603602.0,160200.0,0.87,0.05
005741.OF,20250830,20250630,601229.SH,1607415.0,151500.0,0.87,0.0
005741.OF,20250830,20250630,001201.SZ,1616995.2,103920.0,0.88,0.06
005741.OF,20250830,20250630,301115.SZ,1646587.0,106300.0,0.9,0.1
005741.OF,20250830,20250630,301151.SZ,1657750.0,95000.0,0.9,0.17
005741.OF,20250830,20250630,300616.SZ,1660737.0,126100.0,0.9,0.08
005741.OF,20250830,20250630,301006.SZ,1672104.0,107600.0,0.91,0.12
005741.OF,20250830,20250630,600096.SH,1678508.0,76400.0,0.91,0.0
005741.OF,20250830,20250630,301117.SZ,1719588.0,75920.0,0.94,0.1
005741.OF,20250830,20250630,601598.SH,1732895.0,351500.0,0.94,0.01
005741.OF,20250830,20250630,002807.SZ,1739925.0,366300.0,0.95,0.01
005741.OF,20250830,20250630,600741.SH,1750880.0,99200.0,0.95,0.0
005741.OF,20250830,20250630,601577.SH,1787212.0,179800.0,0.97,0.0
005741.OF,20250830,20250630,603102.SH,1803164.0,42800.0,0.98,0.12
005741.OF,20250830,20250630,601838.SH,1877340.0,93400.0,1.02,0.0
005741.OF,20250830,20250630,603565.SH,1881350.0,197000.0,1.02,0.01
005741.OF,20250830,20250630,600919.SH,1927116.0,161400.0,1.05,0.0
005741.OF,20250830,20250630,600248.SH,1951482.0,512200.0,1.06,0.01
005741.OF,20250830,20250630,600036.SH,1962065.0,42700.0,1.07,0.0
005741.OF,20250830,20250630,002839.SZ,1976850.0,439300.0,1.08,0.02
005741.OF,20250830,20250630,000975.SZ,2051202.0,108300.0,1.12,0.0
005741.OF,20250830,20250630,600582.SH,2139029.0,357100.0,1.16,0.01
005741.OF,20250830,20250630,601009.SH,2141566.0,184300.0,1.17,0.0
005741.OF,20250830,20250630,002155.SZ,2211436.5,123890.0,1.2,0.01
005741.OF,20250830,20250630,601166.SH,2226636.0,95400.0,1.21,0.0
005741.OF,20250830,20250630,600988.SH,2251640.0,90500.0,1.23,0.01
005741.OF,20250830,20250630,600547.SH,2295767.0,71900.0,1.25,0.0
005741.OF,20250830,20250630,002911.SZ,2303667.54,224529.0,1.25,0.02
005741.OF,20250830,20250630,601390.SH,2369664.0,422400.0,1.29,0.0
005741.OF,20250830,20250630,601069.SH,2387055.0,117300.0,1.3,0.02
005741.OF,20250830,20250630,000895.SZ,2523994.0,103400.0,1.37,0.0
005741.OF,20250721,20250630,601939.SH,2983984.0,316100.0,1.62,0.0
005741.OF,20250721,20250630,601668.SH,3446998.0,597400.0,1.88,0.0
005741.OF,20250721,20250630,601288.SH,3962532.0,673900.0,2.16,0.0
005741.OF,20250721,20250630,601088.SH,2533750.0,62500.0,1.38,0.0
005741.OF,20250721,20250630,601919.SH,2686144.0,178600.0,1.46,0.0
005741.OF,20250721,20250630,601398.SH,4549446.0,599400.0,2.48,0.0
005741.OF,20250721,20250630,600489.SH,2557324.0,174800.0,1.39,0.0
005741.OF,20250721,20250630,600502.SH,3422070.0,728100.0,1.86,0.04
005741.OF,20250721,20250630,600704.SH,3451850.0,655000.0,1.88,0.01
005741.OF,20250721,20250630,000651.SZ,3139908.0,69900.0,1.71,0.0
005741.OF,20250422,20250331,600919.SH,2302800.0,242400.0,1.54,0.0
005741.OF,20250422,20250331,601668.SH,2387514.0,453900.0,1.6,0.0
005741.OF,20250422,20250331,601288.SH,2245012.0,433400.0,1.5,0.0
005741.OF,20250422,20250331,601009.SH,2261237.0,218900.0,1.51,0.0
005741.OF,20250422,20250331,601919.SH,2942010.0,202200.0,1.97,0.0
005741.OF,20250422,20250331,601398.SH,2403921.0,348900.0,1.61,0.0
005741.OF,20250422,20250331,600900.SH,2494557.0,89700.0,1.67,0.0
005741.OF,20250422,20250331,600502.SH,2878311.0,600900.0,1.93,0.04
005741.OF,20250422,20250331,600704.SH,3187296.0,632400.0,2.13,0.01
005741.OF,20250422,20250331,600248.SH,2888572.0,674900.0,1.93,0.02
005741.OF,20250331,20241231,603310.SH,2746.35,153.0,0.0,0.0
005741.OF,20250331,20241231,603285.SH,2916.69,129.0,0.0,0.0
005741.OF,20250331,20241231,603205.SH,3500.8,128.0,0.0,0.0
005741.OF,20250331,20241231,603350.SH,3834.02,106.0,0.0,0.0
005741.OF,20250331,20241231,603391.SH,4135.0,100.0,0.0,0.0
005741.OF,20250331,20241231,603395.SH,5508.58,154.0,0.0,0.0
005741.OF,20250331,20241231,301552.SZ,8132.41,143.0,0.01,0.0
005741.OF,20250331,20241231,301607.SZ,9287.98,257.0,0.01,0.0
005741.OF,20250331,20241231,301603.SZ,9781.34,233.0,0.01,0.0
005741.OF,20250331,20241231,301608.SZ,11049.22,169.0,0.01,0.0
005741.OF,20250331,20241231,301586.SZ,11425.1,215.0,0.01,0.0
005741.OF,20250331,20241231,301613.SZ,11528.52,276.0,0.01,0.0
005741.OF,20250331,20241231,301606.SZ,13136.4,360.0,0.01,0.0
005741.OF,20250331,20241231,301556.SZ,15766.35,267.0,0.01,0.0
005741.OF,20250331,20241231,688721.SH,15861.15,279.0,0.01,0.0
005741.OF,20250331,20241231,301522.SZ,20269.44,816.0,0.01,0.0
005741.OF,20250331,20241231,688708.SH,20852.7,426.0,0.01,0.0
005741.OF,20250331,20241231,603072.SH,27318.3,2221.0,0.02,0.0
005741.OF,20250331,20241231,688615.SH,27353.7,165.0,0.02,0.0
005741.OF,20250331,20241231,301551.SZ,28185.96,652.0,0.02,0.0
005741.OF,20250331,20241231,688449.SH,28527.36,969.0,0.02,0.0
005741.OF,20250331,20241231,688605.SH,39937.92,744.0,0.02,0.0
005741.OF,20250331,20241231,301611.SZ,45104.4,804.0,0.03,0.0
005741.OF,20250331,20241231,301626.SZ,62951.46,957.0,0.04,0.0
005741.OF,20250331,20241231,688607.SH,264695.25,19977.0,0.16,0.02
005741.OF,20250331,20241231,688328.SH,268007.18,17891.0,0.17,0.02
005741.OF,20250331,20241231,301170.SZ,270456.0,11800.0,0.17,0.04
005741.OF,20250331,20241231,300915.SZ,270480.0,8400.0,0.17,0.02
005741.OF,20250331,20241231,301279.SZ,270546.0,13400.0,0.17,0.05
005741.OF,20250331,20241231,300871.SZ,271620.0,27000.0,0.17,0.02
005741.OF,20250331,20241231,301515.SZ,273296.0,15200.0,0.17,0.03
005741.OF,20250331,20241231,300422.SZ,274050.0,63000.0,0.17,0.01
005741.OF,20250331,20241231,688335.SH,274657.83,32581.0,0.17,0.02
005741.OF,20250331,20241231,301309.SZ,275538.0,11400.0,0.17,0.05
005741.OF,20250331,20241231,603151.SH,276276.0,27600.0,0.17,0.03
005741.OF,20250331,20241231,003011.SZ,276640.0,18200.0,0.17,0.02
005741.OF,20250331,20241231,002860.SZ,276642.0,28200.0,0.17,0.01
005741.OF,20250331,20241231,605500.SH,278400.0,40000.0,0.17,0.01
005741.OF,20250331,20241231,605567.SH,279900.0,31100.0,0.17,0.02
005741.OF,20250331,20241231,603630.SH,299026.0,21700.0,0.19,0.01
005741.OF,20250331,20241231,600419.SH,529739.0,56900.0,0.33,0.02
005741.OF,20250331,20241231,301223.SZ,539350.0,33500.0,0.33,0.03
005741.OF,20250331,20241231,002661.SZ,540222.0,53700.0,0.33,0.02
005741.OF,20250331,20241231,301282.SZ,557270.0,26600.0,0.35,0.04
005741.OF,20250331,20241231,001206.SZ,562020.0,34000.0,0.35,0.03
005741.OF,20250331,20241231,688416.SH,571155.0,14645.0,0.35,0.03
005741.OF,20250331,20241231,688028.SH,597244.44,26988.0,0.37,0.02
005741.OF,20250331,20241231,301329.SZ,614660.0,29200.0,0.38,0.05
005741.OF,20250331,20241231,688162.SH,615688.22,22694.0,0.38,0.04
005741.OF,20250331,20241231,688678.SH,616586.85,41521.0,0.38,0.02
005741.OF,20250331,20241231,688257.SH,617446.47,33907.0,0.38,0.03
005741.OF,20250331,20241231,605258.SH,625210.0,20600.0,0.39,0.02
005741.OF,20250331,20241231,688370.SH,645925.15,32905.0,0.4,0.08
005741.OF,20250331,20241231,603818.SH,700400.0,257500.0,0.43,0.04
005741.OF,20250331,20241231,603858.SH,737860.0,46700.0,0.46,0.0
005741.OF,20250331,20241231,002081.SZ,744345.0,208500.0,0.46,0.01
005741.OF,20250331,20241231,002120.SZ,749744.0,99700.0,0.46,0.0
005741.OF,20250331,20241231,603693.SH,754510.0,76600.0,0.47,0.01
005741.OF,20250331,20241231,600496.SH,755000.0,250000.0,0.47,0.01
005741.OF,20250331,20241231,603355.SH,761040.0,33600.0,0.47,0.01
005741.OF,20250331,20241231,603162.SH,761760.0,82800.0,0.47,0.03
005741.OF,20250331,20241231,600459.SH,762015.0,55500.0,0.47,0.01
005741.OF,20250331,20241231,000166.SZ,766655.0,143300.0,0.47,0.0
005741.OF,20250331,20241231,300645.SZ,771225.0,52500.0,0.48,0.04
005741.OF,20250331,20241231,688296.SH,773080.44,68902.0,0.48,0.06
005741.OF,20250331,20241231,002491.SZ,775626.0,150900.0,0.48,0.01
005741.OF,20250331,20241231,601619.SH,778872.0,234600.0,0.48,0.01
005741.OF,20250331,20241231,603086.SH,779045.6,182020.0,0.48,0.04
005741.OF,20250331,20241231,601007.SH,785120.0,112000.0,0.49,0.03
005741.OF,20250331,20241231,301276.SZ,785510.0,38600.0,0.49,0.1
005741.OF,20250331,20241231,301210.SZ,786688.0,25600.0,0.49,0.08
005741.OF,20250331,20241231,300877.SZ,786800.0,56000.0,0.49,0.05
005741.OF,20250331,20241231,301126.SZ,787176.0,75400.0,0.49,0.05
005741.OF,20250331,20241231,688369.SH,792704.79,39497.0,0.49,0.03
005741.OF,20250331,20241231,688291.SH,796092.4,41420.0,0.49,0.12
005741.OF,20250331,20241231,603385.SH,796908.0,125300.0,0.49,0.03
005741.OF,20250331,20241231,605189.SH,798255.0,65700.0,0.49,0.04
005741.OF,20250331,20241231,603579.SH,800400.0,55200.0,0.5,0.03
005741.OF,20250331,20241231,301290.SZ,801780.0,34500.0,0.5,0.05
005741.OF,20250331,20241231,688199.SH,803519.5,53390.0,0.5,0.03
005741.OF,20250331,20241231,603102.SH,803790.0,22900.0,0.5,0.06
005741.OF,20250331,20241231,688251.SH,804170.08,49763.0,0.5,0.1
005741.OF,20250331,20241231,601166.SH,804720.0,42000.0,0.5,0.0
005741.OF,20250331,20241231,688045.SH,810834.2,25418.0,0.5,0.07
005741.OF,20250331,20241231,603020.SH,816570.0,105500.0,0.51,0.03
005741.OF,20250331,20241231,600018.SH,817020.0,133500.0,0.51,0.0
005741.OF,20250331,20241231,603538.SH,819795.0,64500.0,0.51,0.03
005741.OF,20250331,20241231,688121.SH,820157.04,76152.0,0.51,0.05
005741.OF,20250331,20241231,002363.SZ,820593.0,124900.0,0.51,0.03
005741.OF,20250331,20241231,301139.SZ,823550.0,36200.0,0.51,0.05
005741.OF,20250331,20241231,301379.SZ,824968.0,40840.0,0.51,0.04
005741.OF,20250331,20241231,002674.SZ,832273.0,87700.0,0.52,0.03
005741.OF,20250331,20241231,301235.SZ,832652.0,41200.0,0.52,0.08
005741.OF,20250331,20241231,002734.SZ,832865.0,104500.0,0.52,0.03
005741.OF,20250331,20241231,601229.SH,835395.0,91300.0,0.52,0.0
005741.OF,20250331,20241231,605058.SH,838809.0,42300.0,0.52,0.03
005741.OF,20250331,20241231,605259.SH,852096.6,56244.0,0.53,0.03
005741.OF,20250331,20241231,001218.SZ,882055.39,51193.0,0.55,0.07
005741.OF,20250331,20241231,301093.SZ,885360.0,37200.0,0.55,0.04
005741.OF,20250331,20241231,001223.SZ,908109.0,20700.0,0.56,0.12
005741.OF,20250331,20241231,600519.SH,914400.0,600.0,0.57,0.0
005741.OF,20250331,20241231,688318.SH,1199907.0,7017.0,0.74,0.0
005741.OF,20250331,20241231,600563.SH,1248660.0,10500.0,0.77,0.0
005741.OF,20250331,20241231,002371.SZ,1251200.0,3200.0,0.77,0.0
005741.OF,20250331,20241231,002920.SZ,1266265.0,11500.0,0.78,0.0
005741.OF,20250331,20241231,300033.SZ,1293750.0,4500.0,0.8,0.0
005741.OF,20250331,20241231,000156.SZ,1313280.0,182400.0,0.81,0.01
005741.OF,20250331,20241231,000750.SZ,1343064.0,313800.0,0.83,0.01
005741.OF,20250331,20241231,600551.SH,1344709.8,156180.0,0.83,0.02
005741.OF,20250331,20241231,601066.SH,1349300.0,52400.0,0.84,0.0
005741.OF,20250331,20241231,600977.SH,1351404.0,116400.0,0.84,0.01
005741.OF,20250331,20241231,600155.SH,1358640.0,183600.0,0.84,0.01
005741.OF,20250331,20241231,600030.SH,1365156.0,46800.0,0.85,0.0
005741.OF,20250331,20241231,601881.SH,1366131.0,89700.0,0.85,0.0
005741.OF,20250331,20241231,600037.SH,1370402.0,183700.0,0.85,0.01
005741.OF,20250331,20241231,002736.SZ,1393280.0,124400.0,0.86,0.0
005741.OF,20250331,20241231,601211.SH,1395020.0,74800.0,0.86,0.0
005741.OF,20250331,20241231,300059.SZ,1399444.0,54200.0,0.87,0.0
005741.OF,20250331,20241231,300628.SZ,1408900.0,36500.0,0.87,0.01
005741.OF,20250331,20241231,603322.SH,1409800.0,37100.0,0.87,0.02
005741.OF,20250331,20241231,002027.SZ,1421466.0,202200.0,0.88,0.0
005741.OF,20250331,20241231,000725.SZ,1421921.0,323900.0,0.88,0.0
005741.OF,20250331,20241231,002415.SZ,1430620.0,46600.0,0.89,0.0
005741.OF,20250331,20241231,600918.SH,1480221.0,225300.0,0.92,0.01
005741.OF,20250331,20241231,600196.SH,1488515.0,59900.0,0.92,0.0
005741.OF,20250331,20241231,300750.SZ,1489600.0,5600.0,0.92,0.0
005741.OF,20250331,20241231,000823.SZ,1504656.0,145800.0,0.93,0.03
005741.OF,20250331,20241231,002258.SZ,1507621.0,182300.0,0.93,0.02
005741.OF,20250331,20241231,600821.SH,1509300.0,279500.0,0.93,0.01
005741.OF,20250331,20241231,000039.SZ,1510488.0,194400.0,0.94,0.01
005741.OF,20250331,20241231,002714.SZ,1514536.0,39400.0,0.94,0.0
005741.OF,20250331,20241231,600905.SH,1518575.0,347500.0,0.94,0.0
005741.OF,20250331,20241231,601609.SH,1518660.0,257400.0,0.94,0.02
005741.OF,20250331,20241231,601318.SH,1521585.0,28900.0,0.94,0.0
005741.OF,20250331,20241231,002396.SZ,1522998.0,80200.0,0.94,0.01
005741.OF,20250331,20241231,000089.SZ,1526824.0,221600.0,0.95,0.01
005741.OF,20250331,20241231,002746.SZ,1536182.0,242300.0,0.95,0.03
005741.OF,20250331,20241231,601868.SH,1536590.0,671000.0,0.95,0.0
005741.OF,20250331,20241231,600332.SH,1540364.0,54200.0,0.95,0.0
005741.OF,20250331,20241231,600380.SH,1540609.0,136700.0,0.95,0.01
005741.OF,20250331,20241231,002925.SZ,1544076.0,98600.0,0.96,0.01
005741.OF,20250331,20241231,600688.SH,1551072.0,513600.0,0.96,0.01
005741.OF,20250331,20241231,601330.SH,1554720.0,237000.0,0.96,0.02
005741.OF,20250331,20241231,601866.SH,1555821.0,596100.0,0.96,0.01
005741.OF,20250331,20241231,601018.SH,1563100.0,406000.0,0.97,0.0
005741.OF,20250331,20241231,601728.SH,1564516.24,216692.0,0.97,0.0
005741.OF,20250331,20241231,600795.SH,1565902.0,341900.0,0.97,0.0
005741.OF,20250331,20241231,601006.SH,1568214.0,231300.0,0.97,0.0
005741.OF,20250331,20241231,600352.SH,1571283.0,152700.0,0.97,0.0
005741.OF,20250331,20241231,600941.SH,1571528.0,13300.0,0.97,0.0
005741.OF,20250331,20241231,601916.SH,1571691.0,540100.0,0.97,0.0
005741.OF,20250331,20241231,000883.SZ,1576170.0,316500.0,0.98,0.0
005741.OF,20250331,20241231,600674.SH,1590450.0,92200.0,0.99,0.0
005741.OF,20250331,20241231,000703.SZ,1593864.0,253800.0,0.99,0.01
005741.OF,20250331,20241231,600875.SH,1603301.0,100900.0,0.99,0.0
005741.OF,20250331,20241231,000895.SZ,1606924.0,61900.0,1.0,0.0
005741.OF,20250331,20241231,000582.SZ,1610672.0,204400.0,1.0,0.01
005741.OF,20250331,20241231,002948.SZ,1612865.56,415687.0,1.0,0.01
005741.OF,20250331,20241231,000157.SZ,1617351.0,223700.0,1.0,0.0
005741.OF,20250331,20241231,600036.SH,1630950.0,41500.0,1.01,0.0
005741.OF,20250331,20241231,600900.SH,1645935.0,55700.0,1.02,0.0
005741.OF,20250331,20241231,601098.SH,1646597.0,109700.0,1.02,0.01
005741.OF,20250331,20241231,601658.SH,1650040.0,290500.0,1.02,0.0
005741.OF,20250331,20241231,601818.SH,1652490.0,427000.0,1.02,0.0
005741.OF,20250122,20241231,601939.SH,1683285.0,191500.0,1.04,0.0
005741.OF,20250122,20241231,601169.SH,1654350.0,269000.0,1.02,0.0
005741.OF,20250122,20241231,601288.SH,1690110.0,316500.0,1.05,0.0
005741.OF,20250122,20241231,601088.SH,1669632.0,38400.0,1.03,0.0
005741.OF,20250122,20241231,601919.SH,1700350.0,109700.0,1.05,0.0
005741.OF,20250122,20241231,601398.SH,1708548.0,246900.0,1.06,0.0
005741.OF,20250122,20241231,601988.SH,1684958.0,305800.0,1.04,0.0
005741.OF,20250122,20241231,600299.SH,1725625.0,137500.0,1.07,0.01
005741.OF,20250122,20241231,600236.SH,1655800.0,243500.0,1.03,0.0
005741.OF,20250122,20241231,600000.SH,1658748.0,161200.0,1.03,0.0
005741.OF,20241025,20240930,603698.SH,2491720.0,161800.0,1.12,0.03
005741.OF,20241025,20240930,601519.SH,3892416.0,465600.0,1.76,0.02
005741.OF,20241025,20240930,002352.SZ,2536872.0,56400.0,1.14,0.0
005741.OF,20241025,20240930,601628.SH,2877600.0,65400.0,1.3,0.0
005741.OF,20241025,20240930,300999.SZ,2629809.0,74100.0,1.19,0.01
005741.OF,20241025,20240930,605058.SH,3074048.0,150100.0,1.39,0.11
005741.OF,20241025,20240930,600029.SH,2522478.0,385700.0,1.14,0.0
005741.OF,20241025,20240930,000997.SZ,2978851.0,174100.0,1.34,0.02
005741.OF,20241025,20240930,000651.SZ,2909958.0,60700.0,1.31,0.0
005741.OF,20241025,20240930,000563.SZ,2485230.0,664500.0,1.12,0.01
005741.OF,20240831,20240630,301139.SZ,570015.0,26500.0,0.24,0.04
005741.OF,20240831,20240630,600886.SH,570912.0,31300.0,0.24,0.0
005741.OF,20240831,20240630,002734.SZ,571181.0,82900.0,0.24,0.03
005741.OF,20240831,20240630,000429.SZ,571509.0,54900.0,0.24,0.0
005741.OF,20240831,20240630,600795.SH,576837.0,96300.0,0.24,0.0
005741.OF,20240831,20240630,000709.SZ,576956.0,297400.0,0.24,0.0
005741.OF,20240831,20240630,601128.SH,577591.0,76300.0,0.24,0.0
005741.OF,20240831,20240630,601169.SH,578744.0,99100.0,0.24,0.0
005741.OF,20240831,20240630,300241.SZ,584660.0,142600.0,0.25,0.02
005741.OF,20240831,20240630,601985.SH,586300.0,55000.0,0.25,0.0
005741.OF,20240831,20240630,601328.SH,586395.0,78500.0,0.25,0.0
005741.OF,20240831,20240630,601288.SH,588600.0,135000.0,0.25,0.0
005741.OF,20240831,20240630,601857.SH,593400.0,57500.0,0.25,0.0
005741.OF,20240831,20240630,600236.SH,606697.0,79100.0,0.25,0.0
005741.OF,20240831,20240630,600377.SH,611100.0,48500.0,0.26,0.0
005741.OF,20240831,20240630,688038.SH,614982.48,64599.0,0.26,0.08
005741.OF,20240831,20240630,300002.SZ,620368.0,76400.0,0.26,0.0
005741.OF,20240831,20240630,002078.SZ,620775.0,44500.0,0.26,0.0
005741.OF,20240831,20240630,688125.SH,622058.5,19925.0,0.26,0.09
005741.OF,20240831,20240630,002605.SZ,622810.0,30500.0,0.26,0.01
005741.OF,20240831,20240630,600116.SH,623070.0,90300.0,0.26,0.0
005741.OF,20240831,20240630,000923.SZ,625086.0,36300.0,0.26,0.01
005741.OF,20240831,20240630,688228.SH,637729.92,16712.0,0.27,0.02
005741.OF,20240831,20240630,000027.SZ,650430.0,89100.0,0.27,0.0
005741.OF,20240831,20240630,300418.SZ,651248.0,20200.0,0.27,0.0
005741.OF,20240831,20240630,605196.SH,652240.0,62000.0,0.27,0.01
005741.OF,20240831,20240630,688787.SH,656968.48,11971.0,0.28,0.03
005741.OF,20240831,20240630,603258.SH,657305.0,40700.0,0.28,0.02
005741.OF,20240831,20240630,300620.SZ,662040.0,18000.0,0.28,0.01
005741.OF,20240831,20240630,600633.SH,664274.0,75400.0,0.28,0.01
005741.OF,20240831,20240630,300624.SZ,665497.8,12540.0,0.28,0.01
005741.OF,20240831,20240630,300570.SZ,669530.0,20500.0,0.28,0.01
005741.OF,20240831,20240630,688115.SH,671534.82,28479.0,0.28,0.07
005741.OF,20240831,20240630,601360.SH,676608.0,88100.0,0.28,0.0
005741.OF,20240831,20240630,300229.SZ,676872.0,50400.0,0.28,0.01
005741.OF,20240831,20240630,300394.SZ,680834.0,7700.0,0.29,0.0
005741.OF,20240831,20240630,301326.SZ,689848.0,21200.0,0.29,0.08
005741.OF,20240831,20240630,002230.SZ,695790.0,16200.0,0.29,0.0
005741.OF,20240831,20240630,000977.SZ,701941.0,19300.0,0.29,0.0
005741.OF,20240831,20240630,600017.SH,716094.0,268200.0,0.3,0.01
005741.OF,20240831,20240630,301282.SZ,734802.0,30900.0,0.31,0.04
005741.OF,20240831,20240630,300364.SZ,738036.0,34200.0,0.31,0.01
005741.OF,20240831,20240630,600332.SH,744982.0,25400.0,0.31,0.0
005741.OF,20240831,20240630,300498.SZ,747214.0,37700.0,0.31,0.0
005741.OF,20240831,20240630,301106.SZ,767625.0,26700.0,0.32,0.09
005741.OF,20240831,20240630,300308.SZ,772128.0,5600.0,0.32,0.0
005741.OF,20240831,20240630,601877.SH,779554.0,40900.0,0.33,0.0
005741.OF,20240831,20240630,601607.SH,789243.0,41300.0,0.33,0.0
005741.OF,20240831,20240630,002281.SZ,792244.0,21200.0,0.33,0.0
005741.OF,20240831,20240630,002756.SZ,793958.2,22190.0,0.33,0.01
005741.OF,20240831,20240630,000902.SZ,796477.0,67100.0,0.33,0.01
005741.OF,20240831,20240630,002812.SZ,800745.0,25300.0,0.34,0.0
005741.OF,20240831,20240630,601016.SH,811187.0,271300.0,0.34,0.0
005741.OF,20240831,20240630,600295.SH,822764.8,82940.0,0.35,0.0
005741.OF,20240831,20240630,002088.SZ,824538.0,68200.0,0.35,0.01
005741.OF,20240831,20240630,603128.SH,830880.0,144000.0,0.35,0.01
005741.OF,20240831,20240630,003036.SZ,834156.0,104400.0,0.35,0.05
005741.OF,20240831,20240630,603113.SH,839645.0,153500.0,0.35,0.02
005741.OF,20240831,20240630,600104.SH,845460.0,61000.0,0.36,0.0
005741.OF,20240831,20240630,000672.SZ,850068.0,138900.0,0.36,0.01
005741.OF,20240831,20240630,301299.SZ,852600.0,20300.0,0.36,0.06
005741.OF,20240831,20240630,600674.SH,853125.0,45500.0,0.36,0.0
005741.OF,20240831,20240630,002601.SZ,856077.0,46100.0,0.36,0.0
005741.OF,20240831,20240630,002895.SZ,856908.0,46800.0,0.36,0.01
005741.OF,20240831,20240630,001206.SZ,863173.92,66296.0,0.36,0.06
005741.OF,20240831,20240630,002322.SZ,866682.0,54100.0,0.36,0.01
005741.OF,20240831,20240630,600660.SH,866990.0,18100.0,0.36,0.0
005741.OF,20240831,20240630,600123.SH,867255.0,96900.0,0.36,0.01
005741.OF,20240831,20240630,002658.SZ,867483.0,169100.0,0.36,0.05
005741.OF,20240831,20240630,600323.SH,869440.0,41600.0,0.37,0.01
005741.OF,20240831,20240630,002372.SZ,878940.0,57000.0,0.37,0.0
005741.OF,20240831,20240630,000408.SZ,885776.0,36800.0,0.37,0.0
005741.OF,20240831,20240630,600971.SH,893112.0,74800.0,0.38,0.01
005741.OF,20240831,20240630,000895.SZ,893752.0,37600.0,0.38,0.0
005741.OF,20240831,20240630,600096.SH,901088.0,46400.0,0.38,0.0
005741.OF,20240831,20240630,603444.SH,907851.0,5100.0,0.38,0.01
005741.OF,20240831,20240630,600373.SH,909692.0,61300.0,0.38,0.0
005741.OF,20240831,20240630,000683.SZ,910738.0,131800.0,0.38,0.0
005741.OF,20240831,20240630,600352.SH,919989.0,107100.0,0.39,0.0
005741.OF,20240831,20240630,605208.SH,928893.0,149100.0,0.39,0.05
005741.OF,20240831,20240630,601211.SH,937660.0,69200.0,0.39,0.0
005741.OF,20240831,20240630,601319.SH,947600.0,184000.0,0.4,0.0
005741.OF,20240831,20240630,601919.SH,1013046.0,65400.0,0.43,0.0
005741.OF,20240831,20240630,600018.SH,1024794.0,177300.0,0.43,0.0
005741.OF,20240831,20240630,600219.SH,1032510.0,271000.0,0.43,0.0
005741.OF,20240831,20240630,002001.SZ,1059225.6,55168.0,0.45,0.0
005741.OF,20240831,20240630,605162.SH,1064256.0,147200.0,0.45,0.15
005741.OF,20240831,20240630,600429.SH,1087668.0,291600.0,0.46,0.02
005741.OF,20240831,20240630,603112.SH,1124570.0,107000.0,0.47,0.02
005741.OF,20240831,20240630,605305.SH,1143528.6,44340.0,0.48,0.02
005741.OF,20240831,20240630,603355.SH,1153440.0,53400.0,0.48,0.01
005741.OF,20240831,20240630,600873.SH,1158312.0,115600.0,0.49,0.0
005741.OF,20240831,20240630,688087.SH,1161028.56,44862.0,0.49,0.04
005741.OF,20240831,20240630,002705.SZ,1177659.0,83700.0,0.49,0.01
005741.OF,20240831,20240630,603610.SH,1183624.0,119800.0,0.5,0.03
005741.OF,20240831,20240630,300841.SZ,1184976.0,23400.0,0.5,0.02
005741.OF,20240831,20240630,601500.SH,1197762.0,224300.0,0.5,0.01
005741.OF,20240831,20240630,600027.SH,1203396.0,173400.0,0.51,0.0
005741.OF,20240831,20240630,601899.SH,1208816.0,68800.0,0.51,0.0
005741.OF,20240831,20240630,002267.SZ,1225476.0,162100.0,0.51,0.01
005741.OF,20240831,20240630,601717.SH,1232840.0,83300.0,0.52,0.01
005741.OF,20240831,20240630,601636.SH,1238400.0,192000.0,0.52,0.01
005741.OF,20240831,20240630,603337.SH,1242304.0,47200.0,0.52,0.01
005741.OF,20240831,20240630,603039.SH,1260872.0,39700.0,0.53,0.02
005741.OF,20240831,20240630,002028.SZ,1264410.0,18900.0,0.53,0.0
005741.OF,20240831,20240630,600690.SH,1265748.0,44600.0,0.53,0.0
005741.OF,20240831,20240630,300979.SZ,1271765.0,20900.0,0.53,0.0
005741.OF,20240831,20240630,600000.SH,1273181.0,154700.0,0.53,0.0
005741.OF,20240831,20240630,000623.SZ,1277020.0,95300.0,0.54,0.01
005741.OF,20240831,20240630,000426.SZ,1288742.0,94900.0,0.54,0.01
005741.OF,20240831,20240630,601298.SH,1297292.0,135700.0,0.55,0.0
005741.OF,20240831,20240630,600585.SH,1299809.0,55100.0,0.55,0.0
005741.OF,20240831,20240630,002035.SZ,1307677.0,209900.0,0.55,0.03
005741.OF,20240831,20240630,000725.SZ,1312481.0,320900.0,0.55,0.0
005741.OF,20240831,20240630,600704.SH,1313718.0,302700.0,0.55,0.01
005741.OF,20240831,20240630,001216.SZ,1315032.0,104700.0,0.55,0.17
005741.OF,20240831,20240630,603008.SH,1318813.0,76100.0,0.55,0.02
005741.OF,20240831,20240630,000012.SZ,1328040.0,263500.0,0.56,0.01
005741.OF,20240831,20240630,300679.SZ,1335636.0,33200.0,0.56,0.01
005741.OF,20240831,20240630,000333.SZ,1341600.0,20800.0,0.56,0.0
005741.OF,20240831,20240630,603132.SH,1344352.0,97700.0,0.56,0.06
005741.OF,20240831,20240630,600985.SH,1349244.0,80600.0,0.57,0.0
005741.OF,20240831,20240630,603993.SH,1359150.0,159900.0,0.57,0.0
005741.OF,20240831,20240630,688210.SH,1381163.25,62355.0,0.58,0.06
005741.OF,20240831,20240630,300408.SZ,1383606.0,47400.0,0.58,0.0
005741.OF,20240831,20240630,003021.SZ,1390038.0,30120.0,0.58,0.01
005741.OF,20240831,20240630,600064.SH,1394279.0,229700.0,0.59,0.01
005741.OF,20240831,20240630,688300.SH,1397256.9,29049.0,0.59,0.02
005741.OF,20240831,20240630,603358.SH,1399225.0,48500.0,0.59,0.01
005741.OF,20240831,20240630,300818.SZ,1401480.0,54960.0,0.59,0.06
005741.OF,20240831,20240630,000543.SZ,1402725.0,158500.0,0.59,0.01
005741.OF,20240831,20240630,688352.SH,1402756.81,122941.0,0.59,0.04
005741.OF,20240831,20240630,300383.SZ,1411995.0,167100.0,0.59,0.01
005741.OF,20240831,20240630,603733.SH,1418706.0,80700.0,0.6,0.01
005741.OF,20240831,20240630,300590.SZ,1429784.0,125200.0,0.6,0.04
005741.OF,20240831,20240630,002139.SZ,1468746.0,138300.0,0.62,0.01
005741.OF,20240831,20240630,002241.SZ,1474956.0,75600.0,0.62,0.0
005741.OF,20240831,20240630,601997.SH,1484032.0,281600.0,0.62,0.01
005741.OF,20240831,20240630,601225.SH,1502391.0,58300.0,0.63,0.0
005741.OF,20240831,20240630,601668.SH,1519191.0,286100.0,0.64,0.0
005741.OF,20240831,20240630,600755.SH,1535097.0,214100.0,0.64,0.01
005741.OF,20240831,20240630,600177.SH,1545752.0,217100.0,0.65,0.0
005741.OF,20240831,20240630,600282.SH,1563471.0,313950.0,0.66,0.01
005741.OF,20240831,20240630,600820.SH,1570465.0,240500.0,0.66,0.01
005741.OF,20240831,20240630,688484.SH,1589586.6,42846.0,0.67,0.02
005741.OF,20240831,20240630,002463.SZ,1591400.0,43600.0,0.67,0.0
005741.OF,20240831,20240630,301033.SZ,1607421.0,41100.0,0.68,0.11
005741.OF,20240831,20240630,002583.SZ,1654048.0,406400.0,0.69,0.03
005741.OF,20240831,20240630,601318.SH,1654400.0,40000.0,0.7,0.0
005741.OF,20240831,20240630,000651.SZ,1659006.0,42300.0,0.7,0.0
005741.OF,20240831,20240630,601818.SH,1693731.0,534300.0,0.71,0.0
005741.OF,20240831,20240630,601166.SH,1702092.0,96600.0,0.72,0.0
005741.OF,20240831,20240630,603408.SH,1722614.0,130600.0,0.72,0.03
005741.OF,20240831,20240630,601009.SH,1743442.0,167800.0,0.73,0.0
005741.OF,20240831,20240630,688253.SH,1821010.13,47783.0,0.77,0.07
005741.OF,20240831,20240630,688218.SH,2289.3,130.0,0.0,0.0
005741.OF,20240831,20240630,001358.SZ,2503.44,122.0,0.0,0.0
005741.OF,20240831,20240630,688251.SH,2581.23,139.0,0.0,0.0
005741.OF,20240831,20240630,001239.SZ,2623.32,189.0,0.0,0.0
005741.OF,20240831,20240630,001387.SZ,2638.25,173.0,0.0,0.0
005741.OF,20240831,20240630,603375.SH,2800.8,72.0,0.0,0.0
005741.OF,20240831,20240630,001379.SZ,2871.24,213.0,0.0,0.0
005741.OF,20240831,20240630,603381.SH,2965.34,118.0,0.0,0.0
005741.OF,20240831,20240630,603082.SH,3155.43,107.0,0.0,0.0
005741.OF,20240831,20240630,603312.SH,3296.8,130.0,0.0,0.0
005741.OF,20240831,20240630,603004.SH,3305.25,195.0,0.0,0.0
005741.OF,20240831,20240630,001359.SZ,3790.4,184.0,0.0,0.0
005741.OF,20240831,20240630,603344.SH,4124.12,182.0,0.0,0.0
005741.OF,20240831,20240630,603325.SH,4355.84,64.0,0.0,0.0
005741.OF,20240831,20240630,301502.SZ,5220.54,138.0,0.0,0.0
005741.OF,20240831,20240630,301588.SZ,5461.25,257.0,0.0,0.0
005741.OF,20240831,20240630,688530.SH,5538.4,344.0,0.0,0.0
005741.OF,20240831,20240630,688325.SH,5552.49,177.0,0.0,0.0
005741.OF,20240831,20240630,688695.SH,5868.3,186.0,0.0,0.0
005741.OF,20240831,20240630,603341.SH,7048.12,188.0,0.0,0.0
005741.OF,20240831,20240630,301539.SZ,7155.02,361.0,0.0,0.0
005741.OF,20240831,20240630,001389.SZ,7672.32,222.0,0.0,0.0
005741.OF,20240831,20240630,301591.SZ,8098.62,219.0,0.0,0.0
005741.OF,20240831,20240630,301392.SZ,9123.54,219.0,0.0,0.0
005741.OF,20240831,20240630,688584.SH,9645.23,607.0,0.0,0.0
005741.OF,20240831,20240630,301566.SZ,9774.72,576.0,0.0,0.0
005741.OF,20240831,20240630,688691.SH,10499.97,247.0,0.0,0.0
005741.OF,20240831,20240630,301580.SZ,11405.89,173.0,0.0,0.0
005741.OF,20240831,20240630,301565.SZ,13191.1,695.0,0.01,0.0
005741.OF,20240831,20240630,301538.SZ,13686.0,150.0,0.01,0.0
005741.OF,20240831,20240630,301197.SZ,14432.0,1100.0,0.01,0.0
005741.OF,20240831,20240630,688709.SH,14599.83,777.0,0.01,0.0
005741.OF,20240831,20240630,301536.SZ,15521.87,481.0,0.01,0.0
005741.OF,20240831,20240630,688692.SH,18367.65,105.0,0.01,0.0
005741.OF,20240831,20240630,603350.SH,21608.56,1051.0,0.01,0.0
005741.OF,20240831,20240630,603285.SH,24002.55,1287.0,0.01,0.0
005741.OF,20240831,20240630,688169.SH,32585.8,83.0,0.01,0.0
005741.OF,20240831,20240630,301589.SZ,140067.45,745.0,0.06,0.01
005741.OF,20240831,20240630,600519.SH,146739.0,100.0,0.06,0.0
005741.OF,20240831,20240630,600007.SH,197640.0,9000.0,0.08,0.0
005741.OF,20240831,20240630,000921.SZ,199888.0,6200.0,0.08,0.0
005741.OF,20240831,20240630,600919.SH,216956.0,29200.0,0.09,0.0
005741.OF,20240831,20240630,000726.SZ,236334.0,35700.0,0.1,0.01
005741.OF,20240831,20240630,002532.SZ,250599.0,30900.0,0.11,0.0
005741.OF,20240831,20240630,688026.SH,251559.72,25257.0,0.11,0.02
005741.OF,20240831,20240630,000786.SZ,255076.0,8600.0,0.11,0.0
005741.OF,20240831,20240630,688669.SH,263359.8,23265.0,0.11,0.04
005741.OF,20240831,20240630,001330.SZ,272664.0,50400.0,0.11,0.0
005741.OF,20240831,20240630,688199.SH,283932.6,21189.0,0.12,0.01
005741.OF,20240831,20240630,688181.SH,286334.5,15110.0,0.12,0.01
005741.OF,20240831,20240630,000498.SZ,310662.0,59400.0,0.13,0.0
005741.OF,20240831,20240630,601601.SH,314818.0,11300.0,0.13,0.0
005741.OF,20240831,20240630,688036.SH,356217.16,4654.0,0.15,0.0
005741.OF,20240831,20240630,603489.SH,364230.0,13500.0,0.15,0.01
005741.OF,20240831,20240630,603700.SH,364882.0,38900.0,0.15,0.02
005741.OF,20240831,20240630,600150.SH,374532.0,9200.0,0.16,0.0
005741.OF,20240831,20240630,002950.SZ,384780.0,58300.0,0.16,0.01
005741.OF,20240831,20240630,688606.SH,392215.86,8322.0,0.16,0.02
005741.OF,20240831,20240630,603556.SH,393372.0,8400.0,0.17,0.0
005741.OF,20240831,20240630,000833.SZ,394243.2,84240.0,0.17,0.02
005741.OF,20240831,20240630,002440.SZ,398562.0,73400.0,0.17,0.01
005741.OF,20240831,20240630,600643.SH,400751.0,106300.0,0.17,0.01
005741.OF,20240831,20240630,600063.SH,407052.8,115640.0,0.17,0.01
005741.OF,20240831,20240630,600966.SH,408212.0,85400.0,0.17,0.01
005741.OF,20240831,20240630,300707.SZ,408540.0,33000.0,0.17,0.02
005741.OF,20240831,20240630,002136.SZ,412230.0,45500.0,0.17,0.02
005741.OF,20240831,20240630,002192.SZ,420280.0,14000.0,0.18,0.01
005741.OF,20240831,20240630,002897.SZ,421792.0,11200.0,0.18,0.01
005741.OF,20240831,20240630,300390.SZ,424346.0,24700.0,0.18,0.0
005741.OF,20240831,20240630,002878.SZ,426123.0,33900.0,0.18,0.02
005741.OF,20240831,20240630,300035.SZ,428053.0,50300.0,0.18,0.01
005741.OF,20240831,20240630,603348.SH,429195.0,15500.0,0.18,0.01
005741.OF,20240831,20240630,001238.SZ,430094.0,21700.0,0.18,0.07
005741.OF,20240831,20240630,002245.SZ,437100.0,56400.0,0.18,0.01
005741.OF,20240831,20240630,600057.SH,437240.0,64300.0,0.18,0.0
005741.OF,20240831,20240630,000600.SZ,441000.0,70000.0,0.19,0.01
005741.OF,20240831,20240630,300950.SZ,445008.0,29200.0,0.19,0.03
005741.OF,20240831,20240630,603162.SH,446772.0,48040.0,0.19,0.02
005741.OF,20240831,20240630,300673.SZ,450016.0,34300.0,0.19,0.02
005741.OF,20240831,20240630,688575.SH,457048.68,19599.0,0.19,0.0
005741.OF,20240831,20240630,300915.SZ,457450.0,17500.0,0.19,0.04
005741.OF,20240831,20240630,605333.SH,459525.0,16500.0,0.19,0.0
005741.OF,20240831,20240630,002798.SZ,462268.0,141800.0,0.19,0.04
005741.OF,20240831,20240630,603278.SH,462645.0,74500.0,0.19,0.02
005741.OF,20240831,20240630,301228.SZ,464695.0,49700.0,0.2,0.09
005741.OF,20240831,20240630,002084.SZ,466970.0,190600.0,0.2,0.03
005741.OF,20240831,20240630,688393.SH,468055.56,30532.0,0.2,0.03
005741.OF,20240831,20240630,301122.SZ,468867.0,24900.0,0.2,0.06
005741.OF,20240831,20240630,688767.SH,470438.55,18765.0,0.2,0.05
005741.OF,20240831,20240630,688737.SH,470772.0,29060.0,0.2,0.04
005741.OF,20240831,20240630,002659.SZ,471207.0,144100.0,0.2,0.02
005741.OF,20240831,20240630,603238.SH,472104.0,47400.0,0.2,0.03
005741.OF,20240831,20240630,605189.SH,472238.0,44300.0,0.2,0.03
005741.OF,20240831,20240630,600386.SH,472347.0,169300.0,0.2,0.02
005741.OF,20240831,20240630,300877.SZ,472624.0,43600.0,0.2,0.04
005741.OF,20240831,20240630,600693.SH,472923.0,168300.0,0.2,0.02
005741.OF,20240831,20240630,605068.SH,473162.0,35900.0,0.2,0.02
005741.OF,20240831,20240630,002661.SZ,474345.0,63500.0,0.2,0.02
005741.OF,20240831,20240630,601996.SH,476073.0,281700.0,0.2,0.02
005741.OF,20240831,20240630,301302.SZ,476100.0,27600.0,0.2,0.03
005741.OF,20240831,20240630,688020.SH,476147.28,14273.0,0.2,0.02
005741.OF,20240831,20240630,605288.SH,476784.0,15400.0,0.2,0.02
005741.OF,20240831,20240630,300582.SZ,477648.0,55800.0,0.2,0.03
005741.OF,20240831,20240630,688028.SH,483469.18,29426.0,0.2,0.02
005741.OF,20240831,20240630,688678.SH,484425.9,44730.0,0.2,0.02
005741.OF,20240831,20240630,003023.SZ,484880.0,30400.0,0.2,0.06
005741.OF,20240831,20240630,300871.SZ,486540.0,51000.0,0.2,0.03
005741.OF,20240831,20240630,600461.SH,494466.0,42700.0,0.21,0.0
005741.OF,20240831,20240630,603818.SH,499131.0,178900.0,0.21,0.03
005741.OF,20240831,20240630,300932.SZ,502686.0,52200.0,0.21,0.03
005741.OF,20240831,20240630,000959.SZ,504560.0,185500.0,0.21,0.0
005741.OF,20240831,20240630,002982.SZ,505180.0,33500.0,0.21,0.04
005741.OF,20240831,20240630,603086.SH,505400.0,133000.0,0.21,0.03
005741.OF,20240831,20240630,301040.SZ,511356.0,51600.0,0.21,0.07
005741.OF,20240831,20240630,600997.SH,512442.0,74700.0,0.22,0.0
005741.OF,20240831,20240630,605567.SH,513220.0,67000.0,0.22,0.05
005741.OF,20240831,20240630,688560.SH,515034.0,48360.0,0.22,0.02
005741.OF,20240831,20240630,300892.SZ,516956.0,37900.0,0.22,0.06
005741.OF,20240831,20240630,688137.SH,517676.7,16127.0,0.22,0.05
005741.OF,20240831,20240630,301115.SZ,517724.0,37300.0,0.22,0.04
005741.OF,20240831,20240630,688123.SH,517906.62,8514.0,0.22,0.01
005741.OF,20240831,20240630,603385.SH,518256.0,94400.0,0.22,0.02
005741.OF,20240831,20240630,300999.SZ,519650.0,19000.0,0.22,0.0
005741.OF,20240831,20240630,601233.SH,528276.0,33100.0,0.22,0.0
005741.OF,20240831,20240630,688175.SH,528976.2,35790.0,0.22,0.06
005741.OF,20240831,20240630,603681.SH,530400.0,41600.0,0.22,0.02
005741.OF,20240831,20240630,001223.SZ,531369.0,15100.0,0.22,0.09
005741.OF,20240831,20240630,688369.SH,531422.32,33784.0,0.22,0.03
005741.OF,20240831,20240630,603538.SH,532809.0,47700.0,0.22,0.02
005741.OF,20240831,20240630,300246.SZ,533005.0,88100.0,0.22,0.04
005741.OF,20240831,20240630,002128.SZ,535940.0,25400.0,0.23,0.0
005741.OF,20240831,20240630,600015.SH,537600.0,84000.0,0.23,0.0
005741.OF,20240831,20240630,600089.SH,538156.0,38800.0,0.23,0.0
005741.OF,20240831,20240630,301088.SZ,538720.0,48100.0,0.23,0.08
005741.OF,20240831,20240630,002403.SZ,538868.0,81400.0,0.23,0.03
005741.OF,20240831,20240630,601229.SH,539418.0,74300.0,0.23,0.0
005741.OF,20240831,20240630,301166.SZ,540000.0,20000.0,0.23,0.05
005741.OF,20240831,20240630,600905.SH,540640.0,124000.0,0.23,0.0
005741.OF,20240831,20240630,600196.SH,542430.0,24500.0,0.23,0.0
005741.OF,20240831,20240630,603020.SH,542938.0,81400.0,0.23,0.02
005741.OF,20240831,20240630,600188.SH,543247.0,23900.0,0.23,0.0
005741.OF,20240831,20240630,688132.SH,546976.1,31526.0,0.23,0.03
005741.OF,20240831,20240630,003011.SZ,547128.0,40800.0,0.23,0.05
005741.OF,20240831,20240630,000778.SZ,548100.0,157500.0,0.23,0.0
005741.OF,20240831,20240630,688509.SH,549264.73,190057.0,0.23,0.05
005741.OF,20240831,20240630,688022.SH,549551.64,40084.0,0.23,0.02
005741.OF,20240831,20240630,688296.SH,550297.8,56615.0,0.23,0.09
005741.OF,20240831,20240630,301126.SZ,551733.0,61100.0,0.23,0.06
005741.OF,20240831,20240630,688227.SH,558440.54,46114.0,0.23,0.07
005741.OF,20240831,20240630,601990.SH,559104.0,72800.0,0.23,0.0
005741.OF,20240831,20240630,601001.SH,560028.0,33900.0,0.24,0.0
005741.OF,20240831,20240630,601898.SH,560352.0,44900.0,0.24,0.0
005741.OF,20240831,20240630,601077.SH,560734.0,111700.0,0.24,0.0
005741.OF,20240831,20240630,600350.SH,568170.0,64200.0,0.24,0.0
005741.OF,20240831,20240630,688613.SH,569820.26,44762.0,0.24,0.03
005741.OF,20240719,20240630,600025.SH,1946868.0,180600.0,0.82,0.0
005741.OF,20240719,20240630,300677.SZ,1927639.0,71900.0,0.81,0.02
005741.OF,20240719,20240630,002884.SZ,2158080.0,112400.0,0.91,0.04
005741.OF,20240719,20240630,300502.SZ,2564865.0,24300.0,1.08,0.0
005741.OF,20240719,20240630,603558.SH,2184025.0,219500.0,0.92,0.06
005741.OF,20240719,20240630,601216.SH,2272671.0,615900.0,0.95,0.01
005741.OF,20240719,20240630,601088.SH,3345498.0,75400.0,1.41,0.0
005741.OF,20240719,20240630,600941.SH,2988500.0,27800.0,1.26,0.0
005741.OF,20240719,20240630,600273.SH,2412606.0,337900.0,1.01,0.02
005741.OF,20240719,20240630,600741.SH,2555280.0,156000.0,1.07,0.0
005741.OF,20240422,20240331,002966.SZ,3961628.0,553300.0,1.63,0.02
005741.OF,20240422,20240331,600919.SH,4208330.0,532700.0,1.73,0.0
005741.OF,20240422,20240331,601838.SH,4187440.0,307900.0,1.72,0.01
005741.OF,20240422,20240331,002249.SZ,4242810.0,838500.0,1.75,0.05
005741.OF,20240422,20240331,601088.SH,4174812.0,106800.0,1.72,0.0
005741.OF,20240422,20240331,601006.SH,4038432.0,548700.0,1.66,0.0
005741.OF,20240422,20240331,600863.SH,4464760.0,970600.0,1.84,0.01
005741.OF,20240422,20240331,600820.SH,4129700.0,677000.0,1.7,0.02
005741.OF,20240422,20240331,600377.SH,3828396.0,328900.0,1.58,0.01
005741.OF,20240422,20240331,000157.SZ,4238823.0,516300.0,1.74,0.01
005741.OF,20240330,20231231,301516.SZ,9368.04,604.0,0.0,0.0
005741.OF,20240330,20231231,301413.SZ,9543.16,164.0,0.0,0.0
005741.OF,20240330,20231231,301371.SZ,9620.48,256.0,0.0,0.0
005741.OF,20240330,20231231,688716.SH,9716.13,267.0,0.0,0.0
005741.OF,20240330,20231231,301202.SZ,9730.8,306.0,0.0,0.0
005741.OF,20240330,20231231,301261.SZ,10068.3,198.0,0.0,0.0
005741.OF,20240330,20231231,301372.SZ,10069.29,231.0,0.0,0.0
005741.OF,20240330,20231231,301528.SZ,10198.68,148.0,0.0,0.0
005741.OF,20240330,20231231,301559.SZ,10287.36,564.0,0.0,0.0
005741.OF,20240330,20231231,688653.SH,10361.52,648.0,0.0,0.0
005741.OF,20240330,20231231,688603.SH,10379.6,140.0,0.0,0.0
005741.OF,20240330,20231231,301525.SZ,10589.8,130.0,0.0,0.0
005741.OF,20240330,20231231,301499.SZ,10733.03,371.0,0.0,0.0
005741.OF,20240330,20231231,688592.SH,10914.48,216.0,0.0,0.0
005741.OF,20240330,20231231,301251.SZ,11103.39,321.0,0.0,0.0
005741.OF,20240330,20231231,688719.SH,11118.5,185.0,0.0,0.0
005741.OF,20240330,20231231,301508.SZ,11178.92,419.0,0.0,0.0
005741.OF,20240330,20231231,301550.SZ,11328.2,260.0,0.0,0.0
005741.OF,20240330,20231231,301393.SZ,12111.48,204.0,0.0,0.0
005741.OF,20240330,20231231,301486.SZ,12237.75,259.0,0.0,0.0
005741.OF,20240330,20231231,301566.SZ,12752.64,576.0,0.0,0.0
005741.OF,20240330,20231231,301507.SZ,13488.35,851.0,0.0,0.0
005741.OF,20240330,20231231,301510.SZ,13863.96,396.0,0.0,0.0
005741.OF,20240330,20231231,301511.SZ,15370.26,678.0,0.0,0.0
005741.OF,20240330,20231231,688582.SH,15429.33,399.0,0.0,0.0
005741.OF,20240330,20231231,301362.SZ,16178.4,420.0,0.01,0.0
005741.OF,20240330,20231231,688702.SH,16381.2,340.0,0.01,0.0
005741.OF,20240330,20231231,301509.SZ,16553.18,266.0,0.01,0.0
005741.OF,20240330,20231231,688591.SH,17596.56,628.0,0.01,0.0
005741.OF,20240330,20231231,301488.SZ,18101.58,262.0,0.01,0.0
005741.OF,20240330,20231231,002689.SZ,2147125.0,482500.0,0.68,0.05
005741.OF,20240330,20231231,002747.SZ,2147145.0,115500.0,0.68,0.01
005741.OF,20240330,20231231,301125.SZ,2151204.0,113700.0,0.69,0.27
005741.OF,20240330,20231231,300594.SZ,2154816.0,103200.0,0.69,0.11
005741.OF,20240330,20231231,301040.SZ,2154992.0,113600.0,0.69,0.16
005741.OF,20240330,20231231,301199.SZ,2155125.0,82100.0,0.69,0.18
005741.OF,20240330,20231231,300024.SZ,2162714.0,182200.0,0.69,0.01
005741.OF,20240330,20231231,688607.SH,2164254.1,106195.0,0.69,0.16
005741.OF,20240330,20231231,002334.SZ,2165040.0,248000.0,0.69,0.03
005741.OF,20240330,20231231,688681.SH,2175344.55,140799.0,0.69,0.21
005741.OF,20240330,20231231,002126.SZ,2195592.0,117600.0,0.7,0.02
005741.OF,20240330,20231231,688165.SH,2233164.36,194866.0,0.71,0.04
005741.OF,20240330,20231231,002975.SZ,2383680.0,62400.0,0.76,0.09
005741.OF,20240330,20231231,688290.SH,2513752.94,52622.0,0.8,0.09
005741.OF,20240330,20231231,001218.SZ,2668835.0,123500.0,0.85,0.17
005741.OF,20240330,20231231,603630.SH,2729520.0,178400.0,0.87,0.08
005741.OF,20240330,20231231,603700.SH,2759818.0,193400.0,0.88,0.1
005741.OF,20240330,20231231,603237.SH,2767092.0,94440.0,0.88,0.11
005741.OF,20240330,20231231,605189.SH,2807784.0,173320.0,0.9,0.35
005741.OF,20240330,20231231,603610.SH,2811928.0,235900.0,0.9,0.07
005741.OF,20240330,20231231,001206.SZ,2898533.52,183684.0,0.92,0.2
005741.OF,20240330,20231231,301201.SZ,2906649.0,114300.0,0.93,0.13
005741.OF,20240330,20231231,300430.SZ,2909444.0,203600.0,0.93,0.08
005741.OF,20240330,20231231,301290.SZ,2924540.0,106000.0,0.93,0.16
005741.OF,20240330,20231231,603102.SH,2935646.0,75700.0,0.94,0.21
005741.OF,20240330,20231231,300193.SZ,2944830.0,379000.0,0.94,0.09
005741.OF,20240330,20231231,603232.SH,2946361.8,215220.0,0.94,0.09
005741.OF,20240330,20231231,301235.SZ,2947450.0,115000.0,0.94,0.23
005741.OF,20240330,20231231,603373.SH,3058.0,88.0,0.0,0.0
005741.OF,20240330,20231231,603276.SH,3333.92,134.0,0.0,0.0
005741.OF,20240330,20231231,603273.SH,3376.66,178.0,0.0,0.0
005741.OF,20240330,20231231,001239.SZ,3764.88,189.0,0.0,0.0
005741.OF,20240330,20231231,001358.SZ,3841.92,87.0,0.0,0.0
005741.OF,20240330,20231231,603075.SH,4242.42,182.0,0.0,0.0
005741.OF,20240330,20231231,603193.SH,5047.98,303.0,0.0,0.0
005741.OF,20240330,20231231,603107.SH,5311.48,292.0,0.0,0.0
005741.OF,20240330,20231231,603119.SH,5394.62,226.0,0.0,0.0
005741.OF,20240330,20231231,603270.SH,5768.1,195.0,0.0,0.0
005741.OF,20240330,20231231,603275.SH,6074.1,153.0,0.0,0.0
005741.OF,20240330,20231231,603004.SH,6082.05,195.0,0.0,0.0
005741.OF,20240330,20231231,688450.SH,6082.14,167.0,0.0,0.0
005741.OF,20240330,20231231,688648.SH,6493.29,303.0,0.0,0.0
005741.OF,20240330,20231231,301515.SZ,6502.1,230.0,0.0,0.0
005741.OF,20240330,20231231,301529.SZ,6894.16,182.0,0.0,0.0
005741.OF,20240330,20231231,301505.SZ,6947.14,194.0,0.0,0.0
005741.OF,20240330,20231231,301555.SZ,7266.56,224.0,0.0,0.0
005741.OF,20240330,20231231,301533.SZ,7461.0,225.0,0.0,0.0
005741.OF,20240330,20231231,601083.SH,7715.79,697.0,0.0,0.0
005741.OF,20240330,20231231,688646.SH,7899.33,219.0,0.0,0.0
005741.OF,20240330,20231231,301548.SZ,8022.64,136.0,0.0,0.0
005741.OF,20240330,20231231,301517.SZ,8082.65,185.0,0.0,0.0
005741.OF,20240330,20231231,688651.SH,8196.9,178.0,0.0,0.0
005741.OF,20240330,20231231,301489.SZ,8206.08,128.0,0.0,0.0
005741.OF,20240330,20231231,688612.SH,8429.34,222.0,0.0,0.0
005741.OF,20240330,20231231,301520.SZ,8438.4,160.0,0.0,0.0
005741.OF,20240330,20231231,301568.SZ,8752.68,246.0,0.0,0.0
005741.OF,20240330,20231231,301519.SZ,8932.82,442.0,0.0,0.0
005741.OF,20240330,20231231,688181.SH,2972484.0,110092.0,0.95,0.08
005741.OF,20240330,20231231,300120.SZ,2996928.0,412800.0,0.96,0.08
005741.OF,20240330,20231231,688045.SH,3019215.19,70493.0,0.96,0.19
005741.OF,20240330,20231231,605259.SH,3046340.0,134200.0,0.97,0.25
005741.OF,20240330,20231231,002879.SZ,3099870.0,193500.0,0.99,0.15
005741.OF,20240330,20231231,301197.SZ,3194300.0,170000.0,1.02,0.21
005741.OF,20240330,20231231,000404.SZ,3250691.0,551900.0,1.04,0.08
005741.OF,20240330,20231231,301223.SZ,3793295.16,209343.0,1.21,0.19
005741.OF,20240330,20231231,605177.SH,3881968.0,146600.0,1.24,0.13
005741.OF,20240330,20231231,300632.SZ,4168386.0,330300.0,1.33,0.15
005741.OF,20240330,20231231,002659.SZ,4251194.0,981800.0,1.36,0.16
005741.OF,20240330,20231231,002869.SZ,4254448.0,210200.0,1.36,0.13
005741.OF,20240330,20231231,300868.SZ,4307076.0,198300.0,1.37,0.33
005741.OF,20240330,20231231,603507.SH,4337334.0,167400.0,1.38,0.12
005741.OF,20240330,20231231,002798.SZ,4358370.0,665400.0,1.39,0.23
005741.OF,20240330,20231231,003023.SZ,4388316.0,216600.0,1.4,0.41
005741.OF,20240330,20231231,603365.SH,4394528.0,305600.0,1.4,0.12
005741.OF,20240330,20231231,688251.SH,4407510.2,151565.0,1.41,0.43
005741.OF,20240330,20231231,002669.SZ,4430664.0,371700.0,1.41,0.13
005741.OF,20240330,20231231,603518.SH,4467918.0,445900.0,1.42,0.13
005741.OF,20240330,20231231,001288.SZ,4470756.0,265800.0,1.43,0.43
005741.OF,20240330,20231231,688257.SH,4930100.56,196889.0,1.57,0.21
005741.OF,20240330,20231231,688325.SH,5186953.26,132354.0,1.65,0.35
005741.OF,20240330,20231231,688652.SH,18183.0,348.0,0.01,0.0
005741.OF,20240330,20231231,688563.SH,18993.86,314.0,0.01,0.0
005741.OF,20240330,20231231,688627.SH,19473.84,222.0,0.01,0.0
005741.OF,20240330,20231231,301558.SZ,19537.2,1458.0,0.01,0.0
005741.OF,20240330,20231231,301421.SZ,19710.84,332.0,0.01,0.0
005741.OF,20240330,20231231,301370.SZ,19852.4,1240.0,0.01,0.0
005741.OF,20240330,20231231,688549.SH,20742.76,2564.0,0.01,0.0
005741.OF,20240330,20231231,688548.SH,22593.0,1772.0,0.01,0.0
005741.OF,20240330,20231231,301526.SZ,28693.6,6448.0,0.01,0.0
005741.OF,20240330,20231231,301487.SZ,35512.32,867.0,0.01,0.0
005741.OF,20240330,20231231,605288.SH,1112032.0,23600.0,0.35,0.03
005741.OF,20240330,20231231,300053.SZ,1795364.0,146800.0,0.57,0.02
005741.OF,20240330,20231231,002405.SZ,1893030.0,212700.0,0.6,0.01
005741.OF,20240330,20231231,603190.SH,1959417.6,66920.0,0.62,0.22
005741.OF,20240330,20231231,002544.SZ,1964944.0,96700.0,0.63,0.01
005741.OF,20240330,20231231,301170.SZ,2002294.0,65800.0,0.64,0.26
005741.OF,20240330,20231231,601698.SH,2007960.0,116000.0,0.64,0.0
005741.OF,20240330,20231231,301229.SZ,2021600.0,60800.0,0.64,0.18
005741.OF,20240330,20231231,002527.SZ,2027727.0,206700.0,0.65,0.04
005741.OF,20240330,20231231,688568.SH,2036578.72,41512.0,0.65,0.01
005741.OF,20240330,20231231,603917.SH,2038848.0,114800.0,0.65,0.07
005741.OF,20240330,20231231,002101.SZ,2040820.0,134000.0,0.65,0.03
005741.OF,20240330,20231231,603416.SH,2062044.0,54900.0,0.66,0.04
005741.OF,20240330,20231231,002151.SZ,2062174.0,65300.0,0.66,0.02
005741.OF,20240330,20231231,300307.SZ,2066598.0,321900.0,0.66,0.04
005741.OF,20240330,20231231,000837.SZ,2068300.0,192400.0,0.66,0.03
005741.OF,20240330,20231231,002896.SZ,2071950.0,57000.0,0.66,0.04
005741.OF,20240330,20231231,002085.SZ,2075788.0,420200.0,0.66,0.02
005741.OF,20240330,20231231,603272.SH,2076240.0,123000.0,0.66,0.29
005741.OF,20240330,20231231,605081.SH,2077836.0,149700.0,0.66,0.18
005741.OF,20240330,20231231,300627.SZ,2078246.94,66997.0,0.66,0.02
005741.OF,20240330,20231231,300036.SZ,2079550.0,99500.0,0.66,0.02
005741.OF,20240330,20231231,600330.SH,2079830.0,241000.0,0.66,0.02
005741.OF,20240330,20231231,600118.SH,2086256.0,80800.0,0.67,0.01
005741.OF,20240330,20231231,600933.SH,2086494.0,95100.0,0.67,0.01
005741.OF,20240330,20231231,300278.SZ,2089922.0,547100.0,0.67,0.04
005741.OF,20240330,20231231,301181.SZ,2089979.82,74034.0,0.67,0.19
005741.OF,20240330,20231231,688255.SH,2093213.4,85612.0,0.67,0.12
005741.OF,20240330,20231231,688679.SH,2093458.27,163169.0,0.67,0.12
005741.OF,20240330,20231231,600879.SH,2094807.0,271700.0,0.67,0.01
005741.OF,20240330,20231231,600580.SH,2094978.0,178600.0,0.67,0.01
005741.OF,20240330,20231231,300222.SZ,2098336.0,285100.0,0.67,0.04
005741.OF,20240330,20231231,688013.SH,2098985.8,99478.0,0.67,0.12
005741.OF,20240330,20231231,301098.SZ,2100408.5,177850.0,0.67,0.16
005741.OF,20240330,20231231,300854.SZ,2100980.0,120400.0,0.67,0.26
005741.OF,20240330,20231231,301336.SZ,2101920.0,48000.0,0.67,0.19
005741.OF,20240330,20231231,300607.SZ,2107615.0,134500.0,0.67,0.05
005741.OF,20240330,20231231,300929.SZ,2109061.0,173300.0,0.67,0.18
005741.OF,20240330,20231231,301079.SZ,2120980.0,122600.0,0.68,0.21
005741.OF,20240330,20231231,688092.SH,2121055.8,68955.0,0.68,0.26
005741.OF,20240330,20231231,688038.SH,2122722.69,147309.0,0.68,0.18
005741.OF,20240330,20231231,603035.SH,2124762.0,112600.0,0.68,0.03
005741.OF,20240330,20231231,688379.SH,2131680.48,107824.0,0.68,0.12
005741.OF,20240330,20231231,603960.SH,2132358.0,143400.0,0.68,0.05
005741.OF,20240330,20231231,688067.SH,2133495.05,89605.0,0.68,0.22
005741.OF,20240330,20231231,300995.SZ,2135508.0,100400.0,0.68,0.34
005741.OF,20240330,20231231,301027.SZ,2139210.0,171000.0,0.68,0.17
005741.OF,20240122,20231231,300616.SZ,5365248.0,299400.0,1.71,0.23
005741.OF,20240122,20231231,300756.SZ,5307120.0,327600.0,1.69,0.33
005741.OF,20240122,20231231,603579.SH,5501515.45,264115.0,1.75,0.19
005741.OF,20240122,20231231,002666.SZ,5483160.0,1015400.0,1.75,0.23
005741.OF,20240122,20231231,601218.SH,5492000.0,1373000.0,1.75,0.14
005741.OF,20240122,20231231,300190.SZ,5403904.0,1292800.0,1.72,0.17
005741.OF,20240122,20231231,002448.SZ,5402968.0,813700.0,1.72,0.17
005741.OF,20240122,20231231,688529.SH,5524572.9,239470.0,1.76,0.19
005741.OF,20240122,20231231,300877.SZ,5241468.0,302800.0,1.67,0.25
005741.OF,20240122,20231231,688168.SH,5375400.96,148656.0,1.71,0.19
005741.OF,20231025,20230930,300572.SZ,7836425.0,473500.0,2.75,0.26
005741.OF,20231025,20230930,002688.SZ,7819798.0,1573400.0,2.75,0.21
005741.OF,20231025,20230930,300381.SZ,7936500.0,1072500.0,2.79,0.23
005741.OF,20231025,20230930,300193.SZ,7864026.0,912300.0,2.76,0.21
005741.OF,20231025,20230930,300147.SZ,8038764.0,1488660.0,2.82,0.23
005741.OF,20231025,20230930,001288.SZ,8096682.0,442200.0,2.84,0.79
005741.OF,20231025,20230930,605258.SH,8068722.0,297300.0,2.83,0.79
005741.OF,20231025,20230930,688257.SH,7846016.88,283352.0,2.75,0.3
005741.OF,20231025,20230930,605177.SH,7886299.0,271100.0,2.77,0.48
005741.OF,20231025,20230930,605288.SH,7911516.0,194100.0,2.78,0.28
005741.OF,20230831,20230630,603172.SH,1967.86,122.0,0.0,0.0
005741.OF,20230831,20230630,001367.SZ,2171.4,55.0,0.0,0.0
005741.OF,20230831,20230630,603125.SH,2453.0,100.0,0.0,0.0
005741.OF,20230831,20230630,001360.SZ,2513.03,169.0,0.0,0.0
005741.OF,20230831,20230630,001328.SZ,3262.72,128.0,0.0,0.0
005741.OF,20230831,20230630,601065.SH,3836.16,324.0,0.0,0.0
005741.OF,20230831,20230630,601133.SH,3849.64,314.0,0.0,0.0
005741.OF,20230831,20230630,301345.SZ,5736.72,123.0,0.0,0.0
005741.OF,20230831,20230630,688479.SH,6458.31,219.0,0.0,0.0
005741.OF,20230831,20230630,601061.SH,6996.34,923.0,0.0,0.0
005741.OF,20230831,20230630,301428.SZ,7007.4,229.0,0.0,0.0
005741.OF,20230831,20230630,688623.SH,7203.57,83.0,0.0,0.0
005741.OF,20230831,20230630,301439.SZ,7385.3,437.0,0.0,0.0
005741.OF,20230831,20230630,301203.SZ,7464.8,217.0,0.0,0.0
005741.OF,20230831,20230630,301322.SZ,7613.32,143.0,0.0,0.0
005741.OF,20230831,20230630,301295.SZ,7755.05,215.0,0.0,0.0
005741.OF,20230831,20230630,001287.SZ,8218.82,391.0,0.0,0.0
005741.OF,20230831,20230630,688535.SH,8248.03,161.0,0.0,0.0
005741.OF,20230831,20230630,301357.SZ,8903.76,184.0,0.0,0.0
005741.OF,20230831,20230630,688507.SH,8914.03,73.0,0.0,0.0
005741.OF,20230831,20230630,688433.SH,8914.5,283.0,0.0,0.0
005741.OF,20230831,20230630,301232.SZ,9171.94,157.0,0.0,0.0
005741.OF,20230831,20230630,688631.SH,9199.96,308.0,0.0,0.0
005741.OF,20230831,20230630,301355.SZ,9430.25,563.0,0.0,0.0
005741.OF,20230831,20230630,688512.SH,9886.56,516.0,0.0,0.0
005741.OF,20230831,20230630,688570.SH,10132.0,400.0,0.0,0.0
005741.OF,20230831,20230630,688352.SH,10742.3,890.0,0.0,0.0
005741.OF,20230831,20230630,688146.SH,11248.35,295.0,0.0,0.0
005741.OF,20230831,20230630,688458.SH,11526.52,127.0,0.0,0.0
005741.OF,20230831,20230630,688620.SH,12537.44,1016.0,0.0,0.0
005741.OF,20230831,20230630,688531.SH,12645.21,93.0,0.0,0.0
005741.OF,20230831,20230630,301382.SZ,13103.16,399.0,0.0,0.0
005741.OF,20230831,20230630,688629.SH,13161.72,708.0,0.0,0.0
005741.OF,20230831,20230630,301320.SZ,13238.04,642.0,0.0,0.0
005741.OF,20230831,20230630,688562.SH,13921.44,624.0,0.0,0.0
005741.OF,20230831,20230630,688576.SH,14449.2,120.0,0.0,0.0
005741.OF,20230831,20230630,688478.SH,14660.02,346.0,0.0,0.0
005741.OF,20230831,20230630,301325.SZ,17703.8,164.0,0.01,0.0
005741.OF,20230831,20230630,688469.SH,19335.34,3574.0,0.01,0.0
005741.OF,20230831,20230630,688361.SH,20241.71,313.0,0.01,0.0
005741.OF,20230831,20230630,688472.SH,22169.04,1301.0,0.01,0.0
005741.OF,20230831,20230630,301293.SZ,22354.46,313.0,0.01,0.0
005741.OF,20230831,20230630,688249.SH,34097.28,1888.0,0.01,0.0
005741.OF,20230831,20230630,001286.SZ,35447.47,3767.0,0.01,0.0
005741.OF,20230831,20230630,301261.SZ,72803.7,1973.0,0.02,0.01
005741.OF,20230831,20230630,688603.SH,76505.0,1391.0,0.02,0.01
005741.OF,20230831,20230630,301202.SZ,79009.2,3060.0,0.02,0.01
005741.OF,20230831,20230630,688429.SH,98752.08,3452.0,0.03,0.01
005741.OF,20230831,20230630,301488.SZ,104144.04,2618.0,0.03,0.01
005741.OF,20230831,20230630,688543.SH,131445.5,2354.0,0.04,0.01
005741.OF,20230831,20230630,301486.SZ,149051.1,2585.0,0.04,0.01
005741.OF,20230831,20230630,688582.SH,184375.97,3988.0,0.05,0.01
005741.OF,20230831,20230630,688669.SH,888515.04,49008.0,0.25,0.08
005741.OF,20230831,20230630,600350.SH,2130128.0,334400.0,0.61,0.01
005741.OF,20230831,20230630,601728.SH,2161357.0,383900.0,0.62,0.0
005741.OF,20230831,20230630,600015.SH,2227297.0,411700.0,0.63,0.0
005741.OF,20230831,20230630,600012.SH,2230144.0,212800.0,0.64,0.02
005741.OF,20230831,20230630,600548.SH,2255776.0,251200.0,0.64,0.02
005741.OF,20230831,20230630,601658.SH,2265537.0,463300.0,0.65,0.0
005741.OF,20230831,20230630,601059.SH,2294434.0,160900.0,0.65,0.05
005741.OF,20230831,20230630,000617.SZ,2298417.0,317900.0,0.65,0.0
005741.OF,20230831,20230630,600050.SH,2302080.0,479600.0,0.66,0.0
005741.OF,20230831,20230630,601939.SH,2313696.0,369600.0,0.66,0.0
005741.OF,20230831,20230630,601788.SH,2316762.0,145800.0,0.66,0.0
005741.OF,20230831,20230630,601881.SH,2327805.0,200500.0,0.66,0.0
005741.OF,20230831,20230630,601668.SH,2330440.0,406000.0,0.66,0.0
005741.OF,20230831,20230630,601818.SH,2335963.0,760900.0,0.67,0.0
005741.OF,20230831,20230630,000429.SZ,2337104.0,298100.0,0.67,0.02
005741.OF,20230831,20230630,601398.SH,2338182.0,485100.0,0.67,0.0
005741.OF,20230831,20230630,601618.SH,2348255.0,591500.0,0.67,0.0
005741.OF,20230831,20230630,600061.SH,2352448.0,330400.0,0.67,0.01
005741.OF,20230831,20230630,600030.SH,2353820.0,119000.0,0.67,0.0
005741.OF,20230831,20230630,601988.SH,2353820.0,602000.0,0.67,0.0
005741.OF,20230831,20230630,600000.SH,2356620.0,325500.0,0.67,0.0
005741.OF,20230831,20230630,601288.SH,2359805.0,668500.0,0.67,0.0
005741.OF,20230831,20230630,600028.SH,2361468.0,371300.0,0.67,0.0
005741.OF,20230831,20230630,600019.SH,2361524.0,420200.0,0.67,0.0
005741.OF,20230831,20230630,601328.SH,2368720.0,408400.0,0.67,0.0
005741.OF,20230831,20230630,601390.SH,2371024.0,312800.0,0.68,0.0
005741.OF,20230831,20230630,601857.SH,2376207.0,318100.0,0.68,0.0
005741.OF,20230831,20230630,600941.SH,2386520.7,25579.0,0.68,0.0
005741.OF,20230831,20230630,601868.SH,2389842.0,1021300.0,0.68,0.01
005741.OF,20230831,20230630,601186.SH,2402415.0,243900.0,0.68,0.0
005741.OF,20230831,20230630,601117.SH,2403684.0,290300.0,0.68,0.0
005741.OF,20230831,20230630,600377.SH,2406384.0,244800.0,0.69,0.01
005741.OF,20230831,20230630,601669.SH,2411374.0,420100.0,0.69,0.0
005741.OF,20230831,20230630,601766.SH,2422550.0,372700.0,0.69,0.0
005741.OF,20230831,20230630,000166.SZ,2427348.0,525400.0,0.69,0.0
005741.OF,20230831,20230630,688009.SH,2440280.4,420738.0,0.69,0.0
005741.OF,20230831,20230630,001965.SZ,2447040.0,254900.0,0.7,0.0
005741.OF,20230831,20230630,601333.SH,2463120.0,622000.0,0.7,0.01
005741.OF,20230831,20230630,003816.SZ,2489244.0,800400.0,0.71,0.0
005741.OF,20230831,20230630,000928.SZ,2525405.0,261700.0,0.72,0.02
005741.OF,20230831,20230630,600893.SH,2556730.0,60500.0,0.73,0.0
005741.OF,20230831,20230630,601989.SH,2571952.0,533600.0,0.73,0.0
005741.OF,20230831,20230630,601800.SH,2574760.0,236000.0,0.73,0.0
005741.OF,20230831,20230630,002179.SZ,2598555.0,57300.0,0.74,0.0
005741.OF,20230831,20230630,601698.SH,2709644.0,136300.0,0.77,0.0
005741.OF,20230831,20230630,300915.SZ,3308283.0,89100.0,0.94,0.36
005741.OF,20230831,20230630,001288.SZ,3713850.0,196500.0,1.06,0.35
005741.OF,20230831,20230630,605336.SH,4141760.0,240800.0,1.18,0.41
005741.OF,20230831,20230630,600693.SH,4317891.0,1098700.0,1.23,0.13
005741.OF,20230831,20230630,605196.SH,4630848.0,650400.0,1.32,0.2
005741.OF,20230831,20230630,300823.SZ,4722390.0,229800.0,1.34,0.42
005741.OF,20230831,20230630,688109.SH,4793002.2,185058.0,1.36,0.48
005741.OF,20230831,20230630,002363.SZ,5067750.0,675700.0,1.44,0.16
005741.OF,20230831,20230630,688011.SH,5074740.26,196543.0,1.44,0.36
005741.OF,20230831,20230630,301135.SZ,5080926.0,185300.0,1.45,0.37
005741.OF,20230831,20230630,603232.SH,5104994.0,351100.0,1.45,0.15
005741.OF,20230831,20230630,001296.SZ,5131482.4,244240.0,1.46,0.65
005741.OF,20230831,20230630,002666.SZ,5132259.0,992700.0,1.46,0.22
005741.OF,20230831,20230630,603096.SH,5134792.0,252200.0,1.46,0.16
005741.OF,20230831,20230630,301158.SZ,5135877.0,296700.0,1.46,0.38
005741.OF,20230831,20230630,301126.SZ,5148280.0,384200.0,1.47,0.35
005741.OF,20230831,20230630,603697.SH,5158280.89,562517.0,1.47,0.13
005741.OF,20230831,20230630,605058.SH,5163500.0,230000.0,1.47,0.54
005741.OF,20230831,20230630,688227.SH,5164937.96,208012.0,1.47,0.34
005741.OF,20230831,20230630,688379.SH,5172103.98,254658.0,1.47,0.55
005741.OF,20230831,20230630,688038.SH,5173721.52,345837.0,1.47,0.43
005741.OF,20230831,20230630,002798.SZ,5187851.0,766300.0,1.48,0.26
005741.OF,20230831,20230630,002869.SZ,5191676.0,236200.0,1.48,0.15
005741.OF,20230831,20230630,688171.SH,5192473.52,212458.0,1.48,0.63
005741.OF,20230831,20230630,603700.SH,5194486.0,355300.0,1.48,0.17
005741.OF,20230831,20230630,688257.SH,5206670.04,196404.0,1.48,0.21
005741.OF,20230831,20230630,300884.SZ,5229800.0,395000.0,1.49,0.28
005741.OF,20230831,20230630,301032.SZ,5289450.0,591000.0,1.51,0.72
005741.OF,20230831,20230630,002659.SZ,5292894.0,1107300.0,1.51,0.19
005741.OF,20230831,20230630,603278.SH,5380990.0,482600.0,1.53,0.17
005741.OF,20230831,20230630,603385.SH,5551116.0,737200.0,1.58,0.2
005741.OF,20230831,20230630,601007.SH,5604370.8,657790.0,1.6,0.17
005741.OF,20230831,20230630,603102.SH,5878159.0,136100.0,1.67,0.45
005741.OF,20230831,20230630,002688.SZ,5907080.0,1251500.0,1.68,0.16
005741.OF,20230831,20230630,003023.SZ,5938260.3,289530.0,1.69,0.56
005741.OF,20230721,20230630,001218.SZ,6071689.4,268540.0,1.73,0.36
005741.OF,20230721,20230630,002887.SZ,6225741.0,684900.0,1.77,0.41
005741.OF,20230721,20230630,603238.SH,6646731.0,527100.0,1.89,0.3
005741.OF,20230721,20230630,002674.SZ,7319845.0,592700.0,2.08,0.21
005741.OF,20230721,20230630,603518.SH,6441125.0,567500.0,1.83,0.16
005741.OF,20230721,20230630,300147.SZ,6581176.0,1248800.0,1.87,0.19
005741.OF,20230721,20230630,300006.SZ,6230214.0,1821700.0,1.77,0.22
005741.OF,20230721,20230630,301258.SZ,6129988.0,155900.0,1.75,0.47
005741.OF,20230721,20230630,605288.SH,6253712.0,145300.0,1.78,0.21
005741.OF,20230721,20230630,000417.SZ,6457464.0,1379800.0,1.84,0.18
005741.OF,20230422,20230331,300796.SZ,3066876.0,131400.0,1.77,0.07
005741.OF,20230422,20230331,603515.SH,3075403.0,159100.0,1.77,0.02
005741.OF,20230422,20230331,003040.SZ,3086115.0,141500.0,1.78,0.07
005741.OF,20230422,20230331,300832.SZ,3089085.0,50500.0,1.78,0.02
005741.OF,20230422,20230331,002986.SZ,3175335.0,116100.0,1.83,0.08
005741.OF,20230422,20230331,601857.SH,3183184.0,537700.0,1.83,0.0
005741.OF,20230422,20230331,000651.SZ,3252375.0,88500.0,1.87,0.0
005741.OF,20230422,20230331,688123.SH,3373624.8,34146.0,1.94,0.03
005741.OF,20230422,20230331,002690.SZ,3572380.0,110600.0,2.06,0.03
005741.OF,20230422,20230331,002847.SZ,6148248.0,45600.0,3.54,0.04
005741.OF,20230331,20221231,301309.SZ,4965.38,203.0,0.0,0.0
005741.OF,20230331,20221231,301316.SZ,5140.88,359.0,0.0,0.0
005741.OF,20230331,20221231,301270.SZ,5957.7,210.0,0.0,0.0
005741.OF,20230331,20221231,301319.SZ,6126.05,115.0,0.0,0.0
005741.OF,20230331,20221231,301318.SZ,6761.88,162.0,0.0,0.0
005741.OF,20230331,20221231,301366.SZ,9108.18,202.0,0.0,0.0
005741.OF,20230331,20221231,301283.SZ,9922.13,193.0,0.0,0.0
005741.OF,20230331,20221231,301273.SZ,10467.83,277.0,0.0,0.0
005741.OF,20230331,20221231,301306.SZ,10783.95,255.0,0.0,0.0
005741.OF,20230331,20221231,301363.SZ,13626.0,360.0,0.01,0.0
005741.OF,20230331,20221231,001258.SZ,14518.48,1388.0,0.01,0.0
005741.OF,20230331,20221231,301195.SZ,15338.4,210.0,0.01,0.0
005741.OF,20230331,20221231,301095.SZ,22919.85,265.0,0.01,0.0
005741.OF,20230331,20221231,301238.SZ,23007.27,1023.0,0.01,0.0
005741.OF,20230331,20221231,002756.SZ,27651.0,300.0,0.01,0.0
005741.OF,20230331,20221231,301312.SZ,42665.0,500.0,0.02,0.0
005741.OF,20230331,20221231,001301.SZ,68722.56,1164.0,0.03,0.0
005741.OF,20230331,20221231,688370.SH,70890.71,2033.0,0.03,0.01
005741.OF,20230331,20221231,688525.SH,74100.84,4614.0,0.03,0.01
005741.OF,20230331,20221231,688410.SH,74597.04,2952.0,0.03,0.01
005741.OF,20230331,20221231,688084.SH,95729.13,1281.0,0.04,0.01
005741.OF,20230331,20221231,688426.SH,100055.52,3021.0,0.05,0.02
005741.OF,20230331,20221231,301327.SZ,226041.12,1208.0,0.1,0.01
005741.OF,20230331,20221231,603609.SH,260480.0,22000.0,0.12,0.0
005741.OF,20230331,20221231,300151.SZ,270340.0,14000.0,0.12,0.0
005741.OF,20230331,20221231,6869.HK,459408.76,37000.0,0.21,0.01
005741.OF,20230331,20221231,002967.SZ,506756.0,30200.0,0.23,0.01
005741.OF,20230331,20221231,688223.SH,515914.4,35216.0,0.24,0.0
005741.OF,20230331,20221231,600346.SH,529573.0,34100.0,0.24,0.0
005741.OF,20230331,20221231,601669.SH,588348.0,83100.0,0.27,0.0
005741.OF,20230331,20221231,601985.SH,598800.0,99800.0,0.28,0.0
005741.OF,20230331,20221231,002311.SZ,648165.0,10500.0,0.3,0.0
005741.OF,20230331,20221231,2269.HK,668277.62,12500.0,0.31,
005741.OF,20230331,20221231,601872.SH,755209.0,135100.0,0.35,0.0
005741.OF,20230331,20221231,603606.SH,786828.0,11600.0,0.36,0.0
005741.OF,20230331,20221231,300015.SZ,842618.4,27120.0,0.39,0.0
005741.OF,20230331,20221231,300490.SZ,900493.0,78100.0,0.42,0.02
005741.OF,20230331,20221231,603209.SH,995168.0,27400.0,0.46,0.05
005741.OF,20230331,20221231,002585.SZ,1014900.0,79600.0,0.47,0.01
005741.OF,20230331,20221231,600487.SH,1034622.0,68700.0,0.48,0.0
005741.OF,20230331,20221231,688388.SH,1053033.15,23479.0,0.49,0.01
005741.OF,20230331,20221231,601799.SH,1086720.84,8532.0,0.5,0.0
005741.OF,20230331,20221231,601966.SH,1092075.52,53324.0,0.5,0.0
005741.OF,20230331,20221231,600585.SH,1169673.6,42720.0,0.54,0.0
005741.OF,20230331,20221231,601117.SH,1225142.0,154300.0,0.57,0.0
005741.OF,20230331,20221231,000581.SZ,1287198.0,72600.0,0.59,0.01
005741.OF,20230331,20221231,601939.SH,1306723.0,232100.0,0.6,0.0
005741.OF,20230331,20221231,002648.SZ,1351150.5,87171.0,0.62,0.0
005741.OF,20230331,20221231,300036.SZ,1353990.0,72600.0,0.63,0.02
005741.OF,20230331,20221231,1186.HK,1520537.59,364500.0,0.7,0.0
005741.OF,20230331,20221231,603920.SH,1542974.0,107300.0,0.71,0.02
005741.OF,20230331,20221231,688233.SH,1603440.0,39300.0,0.74,0.05
005741.OF,20230331,20221231,000338.SZ,1646106.0,161700.0,0.76,0.0
005741.OF,20230331,20221231,000100.SZ,1659005.44,446748.0,0.77,0.0
005741.OF,20230331,20221231,1088.HK,1661817.18,82500.0,0.77,0.0
005741.OF,20230331,20221231,603588.SH,1723210.15,178571.0,0.8,0.01
005741.OF,20230331,20221231,002415.SZ,1730532.0,49900.0,0.8,0.0
005741.OF,20230331,20221231,000725.SZ,1735292.0,513400.0,0.8,0.0
005741.OF,20230331,20221231,600690.SH,1775796.0,72600.0,0.82,0.0
005741.OF,20230331,20221231,9979.HK,1784753.46,333000.0,0.82,
005741.OF,20230331,20221231,600057.SH,1836276.0,178800.0,0.85,0.01
005741.OF,20230331,20221231,605259.SH,1846401.0,55100.0,0.85,0.14
005741.OF,20230331,20221231,002812.SZ,1877447.0,14300.0,0.87,0.0
005741.OF,20230331,20221231,0700.HK,1879618.73,6300.0,0.87,
005741.OF,20230331,20221231,600803.SH,2017330.0,125300.0,0.93,0.01
005741.OF,20230331,20221231,002988.SZ,2059905.0,154300.0,0.95,0.19
005741.OF,20230331,20221231,000708.SZ,2086656.0,121600.0,0.96,0.0
005741.OF,20230331,20221231,600048.SH,2100044.0,138800.0,0.97,0.0
005741.OF,20230331,20221231,3908.HK,2129555.68,160000.0,0.98,0.02
005741.OF,20230331,20221231,603259.SH,2306151.0,28471.0,1.07,0.0
005741.OF,20230331,20221231,0836.HK,2309567.45,162000.0,1.07,
005741.OF,20230331,20221231,601155.SH,2353400.0,114800.0,1.09,0.01
005741.OF,20230331,20221231,603987.SH,2535520.0,184000.0,1.17,0.04
005741.OF,20230331,20221231,600741.SH,2687883.0,155100.0,1.24,0.0
005741.OF,20230331,20221231,002371.SZ,2816250.0,12500.0,1.3,0.0
005741.OF,20230331,20221231,000776.SZ,2856356.0,184400.0,1.32,0.0
005741.OF,20230331,20221231,300408.SZ,3012651.0,98100.0,1.39,0.01
005741.OF,20230331,20221231,600660.SH,3054597.0,87100.0,1.41,0.0
005741.OF,20230331,20221231,0535.HK,3056269.71,5346000.0,1.41,
005741.OF,20230331,20221231,603806.SH,3117896.32,46928.0,1.44,0.0
005741.OF,20230331,20221231,300122.SZ,3179446.0,36200.0,1.47,0.0
005741.OF,20230331,20221231,601390.SH,3284848.0,590800.0,1.52,0.0
005741.OF,20230331,20221231,603008.SH,3428855.0,120100.0,1.58,0.03
005741.OF,20230331,20221231,601009.SH,3467776.0,332800.0,1.6,0.0
005741.OF,20230331,20221231,601288.SH,3837708.0,1318800.0,1.77,0.0
005741.OF,20230331,20221231,0168.HK,3856782.55,56000.0,1.78,0.01
005741.OF,20230331,20221231,688303.SH,4539498.88,96544.0,2.1,0.03
005741.OF,20230331,20221231,000568.SZ,4597740.0,20500.0,2.12,0.0
005741.OF,20230331,20221231,601006.SH,4632580.0,693500.0,2.14,0.0
005741.OF,20230331,20221231,002142.SZ,4649436.0,143280.0,2.15,0.0
005741.OF,20230331,20221231,600938.SH,1276860.8,84004.0,0.59,0.0
005741.OF,20230331,20221231,0883.HK,3378722.31,379000.0,1.56,0.02
005741.OF,20230331,20221231,001205.SZ,4839757.6,197380.0,2.24,0.17
005741.OF,20230331,20221231,3323.HK,5027305.69,878000.0,2.32,
005741.OF,20230120,20221231,603279.SH,5051692.8,171360.0,2.33,0.03
005741.OF,20230120,20221231,601668.SH,5105829.0,940300.0,2.36,0.0
005741.OF,20230120,20221231,600030.SH,5277543.7,265070.0,2.44,0.0
005741.OF,20230120,20221231,603345.SH,5578222.92,34459.0,2.58,0.01
005741.OF,20230120,20221231,601128.SH,6845585.0,906700.0,3.16,0.03
005741.OF,20230120,20221231,002597.SZ,7072000.0,217600.0,3.27,0.04
005741.OF,20230120,20221231,600941.SH,7598055.27,112281.0,3.51,0.02
005741.OF,20230120,20221231,600176.SH,8915613.0,650300.0,4.12,0.02
005741.OF,20230120,20221231,600519.SH,10534700.0,6100.0,4.87,0.0
005741.OF,20230120,20221231,601166.SH,10948016.0,622400.0,5.06,0.0
005741.OF,20221026,20220930,3323.HK,4772530.9,878000.0,2.21,
005741.OF,20221026,20220930,601668.SH,4842545.0,940300.0,2.24,0.0
005741.OF,20221026,20220930,603345.SH,5350793.52,34459.0,2.48,0.01
005741.OF,20221026,20220930,001205.SZ,5749679.4,197380.0,2.66,0.17
005741.OF,20221026,20220930,601128.SH,7217332.0,906700.0,3.34,0.03
005741.OF,20221026,20220930,600941.SH,7672160.73,112281.0,3.55,0.02
005741.OF,20221026,20220930,002597.SZ,8242688.0,217600.0,3.82,0.04
005741.OF,20221026,20220930,600176.SH,8570954.0,650300.0,3.97,0.02
005741.OF,20221026,20220930,601166.SH,10362960.0,622400.0,4.8,0.0
005741.OF,20221026,20220930,600519.SH,11422250.0,6100.0,5.29,0.0
005741.OF,20220831,20220630,301196.SZ,4577.44,122.0,0.0,0.0
005741.OF,20220831,20220630,301158.SZ,7724.02,379.0,0.0,0.0
005741.OF,20220831,20220630,301181.SZ,7861.63,257.0,0.0,0.0
005741.OF,20220831,20220630,301219.SZ,10714.04,122.0,0.0,0.0
005741.OF,20220831,20220630,001268.SZ,11337.48,409.0,0.0,0.0
005741.OF,20220831,20220630,301109.SZ,12766.74,791.0,0.01,0.0
005741.OF,20220831,20220630,301207.SZ,12976.6,230.0,0.01,0.0
005741.OF,20220831,20220630,301150.SZ,13572.64,164.0,0.01,0.0
005741.OF,20220831,20220630,301248.SZ,14098.64,472.0,0.01,0.0
005741.OF,20220831,20220630,301217.SZ,15764.29,1063.0,0.01,0.0
005741.OF,20220831,20220630,301238.SZ,32807.61,1023.0,0.01,0.0
005741.OF,20220831,20220630,601089.SH,36816.45,1749.0,0.01,0.0
005741.OF,20220831,20220630,002756.SZ,45663.0,300.0,0.02,0.0
005741.OF,20220831,20220630,688236.SH,80229.6,4052.0,0.03,0.01
005741.OF,20220831,20220630,603609.SH,211860.0,22000.0,0.08,0.0
005741.OF,20220831,20220630,603209.SH,263552.0,11600.0,0.11,0.02
005741.OF,20220831,20220630,600323.SH,369000.0,18000.0,0.15,0.0
005741.OF,20220831,20220630,600276.SH,388777.38,10482.0,0.16,0.0
005741.OF,20220831,20220630,1477.HK,420240.37,35000.0,0.17,
005741.OF,20220831,20220630,600346.SH,431456.0,19400.0,0.17,0.0
005741.OF,20220831,20220630,688223.SH,509575.52,35216.0,0.2,0.0
005741.OF,20220831,20220630,002967.SZ,571988.0,30200.0,0.23,0.01
005741.OF,20220831,20220630,002984.SZ,622200.0,20000.0,0.25,0.01
005741.OF,20220831,20220630,002444.SZ,661284.0,35100.0,0.26,0.0
005741.OF,20220831,20220630,601985.SH,684628.0,99800.0,0.27,0.0
005741.OF,20220831,20220630,2269.HK,767533.03,12500.0,0.31,
005741.OF,20220831,20220630,000516.SZ,856152.0,79200.0,0.34,0.0
005741.OF,20220831,20220630,603606.SH,888560.0,11600.0,0.35,0.0
005741.OF,20220831,20220630,300443.SZ,902484.0,19800.0,0.36,0.01
005741.OF,20220831,20220630,300015.SZ,934573.75,20875.0,0.37,0.0
005741.OF,20220831,20220630,002651.SZ,993810.0,126600.0,0.4,0.02
005741.OF,20220831,20220630,600487.SH,998898.0,68700.0,0.4,0.0
005741.OF,20220831,20220630,000739.SZ,1059265.44,51321.0,0.42,0.0
005741.OF,20220831,20220630,300490.SZ,1096524.0,78100.0,0.44,0.02
005741.OF,20220831,20220630,601872.SH,1111104.0,192900.0,0.44,0.0
005741.OF,20220831,20220630,688023.SH,1123544.94,7609.0,0.45,0.01
005741.OF,20220831,20220630,0868.HK,1207100.69,75000.0,0.48,
005741.OF,20220831,20220630,300726.SZ,1217283.0,19900.0,0.49,0.01
005741.OF,20220831,20220630,002389.SZ,1252152.0,68200.0,0.5,0.01
005741.OF,20220831,20220630,601966.SH,1352829.88,53324.0,0.54,0.0
005741.OF,20220831,20220630,000581.SZ,1397550.0,72600.0,0.56,0.01
005741.OF,20220831,20220630,601939.SH,1406526.0,232100.0,0.56,0.0
005741.OF,20220831,20220630,300036.SZ,1418604.0,72600.0,0.57,0.02
005741.OF,20220831,20220630,002585.SZ,1439964.0,79600.0,0.58,0.01
005741.OF,20220831,20220630,601799.SH,1458972.0,8532.0,0.58,0.0
005741.OF,20220831,20220630,600585.SH,1507161.6,42720.0,0.6,0.0
005741.OF,20220831,20220630,1186.HK,1530529.27,364500.0,0.61,0.0
005741.OF,20220831,20220630,600057.SH,1571652.0,178800.0,0.63,0.01
005741.OF,20220831,20220630,605259.SH,1573656.0,55100.0,0.63,0.14
005741.OF,20220831,20220630,2869.HK,1579570.14,208000.0,0.63,
005741.OF,20220831,20220630,1088.HK,1587446.44,82500.0,0.63,0.0
005741.OF,20220831,20220630,002648.SZ,1609550.25,62265.0,0.64,0.0
005741.OF,20220831,20220630,9979.HK,1725756.32,333000.0,0.69,
005741.OF,20220831,20220630,002415.SZ,1806380.0,49900.0,0.72,0.0
005741.OF,20220831,20220630,603920.SH,1856290.0,107300.0,0.74,0.02
005741.OF,20220831,20220630,0700.HK,1909399.82,6300.0,0.76,
005741.OF,20220831,20220630,688388.SH,1992662.73,23479.0,0.8,0.01
005741.OF,20220831,20220630,600690.SH,1993596.0,72600.0,0.8,0.0
005741.OF,20220831,20220630,000338.SZ,2016399.0,161700.0,0.81,0.0
005741.OF,20220831,20220630,000725.SZ,2022796.0,513400.0,0.81,0.0
005741.OF,20220831,20220630,300777.SZ,2034040.0,42200.0,0.81,0.01
005741.OF,20220831,20220630,000100.SZ,2066885.0,431500.0,0.83,0.0
005741.OF,20220831,20220630,688233.SH,2208660.0,39300.0,0.88,0.05
005741.OF,20220831,20220630,0836.HK,2244360.64,162000.0,0.9,
005741.OF,20220831,20220630,3908.HK,2287804.29,160000.0,0.91,0.02
005741.OF,20220831,20220630,600803.SH,2329327.0,125300.0,0.93,0.01
005741.OF,20220831,20220630,600048.SH,2423448.0,138800.0,0.97,0.0
005741.OF,20220831,20220630,000708.SZ,2450240.0,121600.0,0.98,0.01
005741.OF,20220831,20220630,002988.SZ,2479601.0,154300.0,0.99,0.19
005741.OF,20220831,20220630,601155.SH,2919364.0,114800.0,1.17,0.01
005741.OF,20220831,20220630,300408.SZ,2952810.0,98100.0,1.18,0.01
005741.OF,20220831,20220630,603259.SH,2960699.29,28471.0,1.18,0.0
005741.OF,20220831,20220630,603806.SH,3074722.56,46928.0,1.23,0.0
005741.OF,20220831,20220630,002142.SZ,3182792.8,88880.0,1.27,0.0
005741.OF,20220831,20220630,000776.SZ,3448280.0,184400.0,1.38,0.0
005741.OF,20220831,20220630,002371.SZ,3464000.0,12500.0,1.38,0.0
005741.OF,20220831,20220630,601009.SH,3467776.0,332800.0,1.39,0.0
005741.OF,20220831,20220630,000672.SZ,3477912.0,220400.0,1.39,0.02
005741.OF,20220831,20220630,600741.SH,3567300.0,155100.0,1.42,0.0
005741.OF,20220831,20220630,601390.SH,3627512.0,590800.0,1.45,0.0
005741.OF,20220831,20220630,600660.SH,3641651.0,87100.0,1.45,0.0
005741.OF,20220831,20220630,603987.SH,3667120.0,184000.0,1.46,0.04
005741.OF,20220831,20220630,0535.HK,3834979.83,6316000.0,1.53,
005741.OF,20220831,20220630,0168.HK,3907876.22,56000.0,1.56,0.01
005741.OF,20220831,20220630,001205.SZ,3908124.0,197380.0,1.56,0.17
005741.OF,20220831,20220630,601288.SH,3982776.0,1318800.0,1.59,0.0
005741.OF,20220831,20220630,300122.SZ,4018562.0,36200.0,1.61,0.0
005741.OF,20220831,20220630,603008.SH,4407670.0,120100.0,1.76,0.03
005741.OF,20220831,20220630,600938.SH,1332303.44,84004.0,0.53,0.01
005741.OF,20220831,20220630,0883.HK,3357852.22,379000.0,1.34,0.03
005741.OF,20220831,20220630,601668.SH,5002396.0,940300.0,2.0,0.0
005741.OF,20220831,20220630,000568.SZ,5054070.0,20500.0,2.02,0.0
005741.OF,20220831,20220630,601006.SH,5200828.0,789200.0,2.08,0.01
005741.OF,20220831,20220630,603279.SH,5313873.6,171360.0,2.12,0.07
005741.OF,20220721,20220630,603345.SH,5486561.98,34459.0,2.19,0.01
005741.OF,20220721,20220630,002812.SZ,6962510.0,27800.0,2.78,0.0
005741.OF,20220721,20220630,002597.SZ,9428608.0,217600.0,3.77,0.04
005741.OF,20220721,20220630,601128.SH,6927188.0,906700.0,2.77,0.03
005741.OF,20220721,20220630,601166.SH,12037510.0,604900.0,4.81,0.0
005741.OF,20220721,20220630,600941.SH,6092817.06,100881.0,2.43,0.03
005741.OF,20220721,20220630,600030.SH,5741416.2,265070.0,2.29,0.0
005741.OF,20220721,20220630,3323.HK,5962521.51,832000.0,2.38,
005741.OF,20220721,20220630,600519.SH,12474500.0,6100.0,4.98,0.0
005741.OF,20220721,20220630,600176.SH,11321723.0,650300.0,4.52,0.02
005741.OF,20220422,20220331,002812.SZ,6424000.0,29200.0,2.54,0.0
005741.OF,20220422,20220331,002597.SZ,8577792.0,217600.0,3.39,0.04
005741.OF,20220422,20220331,601128.SH,6429618.0,830700.0,2.54,0.03
005741.OF,20220422,20220331,601166.SH,12503283.0,604900.0,4.94,0.0
005741.OF,20220422,20220331,600030.SH,5539963.0,265070.0,2.19,0.0
005741.OF,20220422,20220331,3323.HK,5608458.55,710000.0,2.22,
005741.OF,20220422,20220331,0883.HK,6602367.53,758000.0,2.61,
005741.OF,20220422,20220331,600519.SH,10485900.0,6100.0,4.14,0.0
005741.OF,20220422,20220331,600176.SH,9910572.0,650300.0,3.92,0.02
005741.OF,20220422,20220331,000672.SZ,12981085.0,594100.0,5.13,0.07
005741.OF,20220331,20211231,301079.SZ,3474.8,140.0,0.0,0.0
005741.OF,20220331,20211231,301057.SZ,4146.36,218.0,0.0,0.0
005741.OF,20220331,20211231,301073.SZ,4608.0,144.0,0.0,0.0
005741.OF,20220331,20211231,301037.SZ,4682.18,193.0,0.0,0.0
005741.OF,20220331,20211231,603176.SH,4713.8,1924.0,0.0,0.0
005741.OF,20220331,20211231,301027.SZ,4761.9,286.0,0.0,0.0
005741.OF,20220331,20211231,301059.SZ,4998.7,259.0,0.0,0.0
005741.OF,20220331,20211231,001234.SZ,5504.49,333.0,0.0,0.0
005741.OF,20220331,20211231,301063.SZ,5524.83,153.0,0.0,0.0
005741.OF,20220331,20211231,300854.SZ,5539.87,203.0,0.0,0.0
005741.OF,20220331,20211231,301083.SZ,5911.36,416.0,0.0,0.0
005741.OF,20220331,20211231,301072.SZ,6047.21,181.0,0.0,0.0
005741.OF,20220331,20211231,301041.SZ,6065.15,215.0,0.0,0.0
005741.OF,20220331,20211231,301056.SZ,6343.48,572.0,0.0,0.0
005741.OF,20220331,20211231,301032.SZ,6417.63,513.0,0.0,0.0
005741.OF,20220331,20211231,301033.SZ,6476.76,108.0,0.0,0.0
005741.OF,20220331,20211231,301030.SZ,7627.84,242.0,0.0,0.0
005741.OF,20220331,20211231,300814.SZ,7832.64,328.0,0.0,0.0
005741.OF,20220331,20211231,301025.SZ,8414.64,403.0,0.0,0.0
005741.OF,20220331,20211231,301193.SZ,8654.58,297.0,0.0,0.0
005741.OF,20220331,20211231,301053.SZ,8796.4,300.0,0.0,0.0
005741.OF,20220331,20211231,301062.SZ,8896.23,523.0,0.0,0.0
005741.OF,20220331,20211231,301078.SZ,9177.84,756.0,0.0,0.0
005741.OF,20220331,20211231,301045.SZ,9503.95,335.0,0.0,0.0
005741.OF,20220331,20211231,301028.SZ,9895.5,733.0,0.0,0.0
005741.OF,20220331,20211231,301021.SZ,12014.7,290.0,0.0,0.0
005741.OF,20220331,20211231,301026.SZ,12734.19,203.0,0.0,0.0
005741.OF,20220331,20211231,301138.SZ,12785.1,285.0,0.0,0.0
005741.OF,20220331,20211231,301020.SZ,12815.24,421.0,0.0,0.0
005741.OF,20220331,20211231,301168.SZ,14022.97,269.0,0.01,0.0
005741.OF,20220331,20211231,301046.SZ,14207.1,290.0,0.01,0.0
005741.OF,20220331,20211231,301180.SZ,14858.88,654.0,0.01,0.0
005741.OF,20220331,20211231,301089.SZ,14944.6,220.0,0.01,0.0
005741.OF,20220331,20211231,301060.SZ,18161.78,587.0,0.01,0.0
005741.OF,20220331,20211231,001296.SZ,18376.8,310.0,0.01,0.0
005741.OF,20220331,20211231,300994.SZ,19089.0,420.0,0.01,0.0
005741.OF,20220331,20211231,301177.SZ,19965.76,172.0,0.01,0.0
005741.OF,20220331,20211231,301039.SZ,22643.1,1810.0,0.01,0.0
005741.OF,20220331,20211231,301127.SZ,23728.32,1386.0,0.01,0.0
005741.OF,20220331,20211231,301069.SZ,23829.19,539.0,0.01,0.0
005741.OF,20220331,20211231,301035.SZ,28196.28,501.0,0.01,0.0
005741.OF,20220331,20211231,603230.SH,29491.8,1140.0,0.01,0.0
005741.OF,20220331,20211231,688226.SH,42441.68,2693.0,0.02,0.01
005741.OF,20220331,20211231,301050.SZ,48591.18,207.0,0.02,0.0
005741.OF,20220331,20211231,688622.SH,68543.72,1204.0,0.03,0.01
005741.OF,20220331,20211231,688236.SH,107094.36,4052.0,0.04,0.01
005741.OF,20220331,20211231,688246.SH,184254.09,5281.0,0.07,0.02
005741.OF,20220331,20211231,000708.SZ,370688.0,18100.0,0.14,0.0
005741.OF,20220331,20211231,688385.SH,436539.88,8986.0,0.16,0.01
005741.OF,20220331,20211231,1477.HK,500780.0,35000.0,0.18,
005741.OF,20220331,20211231,600276.SH,531542.22,10482.0,0.2,0.0
005741.OF,20220331,20211231,688235.SH,589916.58,4323.0,0.22,0.01
005741.OF,20220331,20211231,002984.SZ,711400.0,20000.0,0.26,0.01
005741.OF,20220331,20211231,600346.SH,718961.0,31300.0,0.26,0.0
005741.OF,20220331,20211231,002967.SZ,817816.0,30200.0,0.3,0.01
005741.OF,20220331,20211231,000516.SZ,873576.0,79200.0,0.32,0.0
005741.OF,20220331,20211231,300015.SZ,882595.0,20875.0,0.32,0.0
005741.OF,20220331,20211231,2269.HK,945861.0,12500.0,0.35,
005741.OF,20220331,20211231,002444.SZ,1070901.0,35100.0,0.39,0.0
005741.OF,20220331,20211231,002648.SZ,1116837.0,27900.0,0.41,0.0
005741.OF,20220331,20211231,0868.HK,1195740.0,75000.0,0.44,
005741.OF,20220331,20211231,300595.SZ,1244929.0,21700.0,0.46,0.0
005741.OF,20220331,20211231,601869.SH,1375080.0,42000.0,0.51,0.01
005741.OF,20220331,20211231,603392.SH,1439750.0,6500.0,0.53,0.0
005741.OF,20220331,20211231,0175.HK,1445435.04,83000.0,0.53,
005741.OF,20220331,20211231,002651.SZ,1674918.0,126600.0,0.62,0.02
005741.OF,20220331,20211231,601728.SH,1682426.97,394011.0,0.62,0.01
005741.OF,20220331,20211231,601799.SH,1742661.0,8532.0,0.64,0.0
005741.OF,20220331,20211231,300490.SZ,1752564.0,78100.0,0.65,0.02
005741.OF,20220331,20211231,000739.SZ,1800853.89,51321.0,0.66,0.0
005741.OF,20220331,20211231,002389.SZ,1895960.0,68200.0,0.7,0.01
005741.OF,20220331,20211231,688023.SH,1907880.66,7609.0,0.7,0.01
005741.OF,20220331,20211231,300726.SZ,1991194.0,19900.0,0.73,0.01
005741.OF,20220331,20211231,0700.HK,2166182.14,5800.0,0.8,
005741.OF,20220331,20211231,0392.HK,2243330.88,102000.0,0.83,
005741.OF,20220331,20211231,1999.HK,2275570.48,230400.0,0.84,
005741.OF,20220331,20211231,603920.SH,2392790.0,107300.0,0.88,0.02
005741.OF,20220331,20211231,1024.HK,2474139.36,42000.0,0.91,
005741.OF,20220331,20211231,300777.SZ,2611336.0,42200.0,0.96,0.02
005741.OF,20220331,20211231,688105.SH,2659222.0,25087.0,0.98,0.08
005741.OF,20220331,20211231,3908.HK,2854732.16,162400.0,1.05,0.03
005741.OF,20220331,20211231,300718.SZ,2977632.0,176400.0,1.1,0.1
005741.OF,20220331,20211231,0881.HK,3131735.04,63000.0,1.15,
005741.OF,20220331,20211231,601128.SH,3143055.0,475500.0,1.16,0.02
005741.OF,20220331,20211231,601155.SH,3344124.0,114800.0,1.23,0.01
005741.OF,20220331,20211231,603259.SH,3376091.18,28471.0,1.24,0.0
005741.OF,20220331,20211231,002142.SZ,3402326.4,88880.0,1.25,0.0
005741.OF,20220331,20211231,601390.SH,3420732.0,590800.0,1.26,0.0
005741.OF,20220331,20211231,0836.HK,3456976.32,162000.0,1.27,
005741.OF,20220331,20211231,688233.SH,3466260.0,39300.0,1.28,0.05
005741.OF,20220331,20211231,601966.SH,3622982.2,99124.0,1.33,0.01
005741.OF,20220331,20211231,300059.SZ,3673890.0,99000.0,1.35,0.0
005741.OF,20220331,20211231,600030.SH,3795117.0,143700.0,1.4,0.0
005741.OF,20220331,20211231,601668.SH,3839500.0,767900.0,1.41,0.0
005741.OF,20220331,20211231,601288.SH,3877272.0,1318800.0,1.43,0.0
005741.OF,20220331,20211231,600456.SH,3969434.0,55300.0,1.46,0.01
005741.OF,20220331,20211231,300036.SZ,4008670.0,133400.0,1.48,0.03
005741.OF,20220331,20211231,601899.SH,4276730.0,440900.0,1.57,0.0
005741.OF,20220331,20211231,600048.SH,4338888.0,277600.0,1.6,0.0
005741.OF,20220331,20211231,300408.SZ,4375260.0,98100.0,1.61,0.01
005741.OF,20220331,20211231,601689.SH,4526200.0,85400.0,1.67,0.01
005741.OF,20220331,20211231,603008.SH,4687503.0,120100.0,1.73,0.03
005741.OF,20220331,20211231,002821.SZ,4828500.0,11100.0,1.78,0.0
005741.OF,20220331,20211231,601939.SH,4836844.0,825400.0,1.78,0.01
005741.OF,20220331,20211231,0883.HK,4976518.62,758000.0,1.83,
005741.OF,20220331,20211231,000568.SZ,5204335.0,20500.0,1.92,0.0
005741.OF,20220331,20211231,000776.SZ,5530291.0,224900.0,2.04,0.0
005741.OF,20220331,20211231,603279.SH,5676912.0,122400.0,2.09,0.06
005741.OF,20220331,20211231,0763.HK,5742945.04,329000.0,2.11,0.01
005741.OF,20220331,20211231,0535.HK,4286088.13,6316000.0,1.58,
005741.OF,20220124,20211231,002812.SZ,7311680.0,29200.0,2.69,0.0
005741.OF,20220124,20211231,603806.SH,5812086.0,44520.0,2.14,0.0
005741.OF,20220124,20211231,002597.SZ,11173760.0,217600.0,4.11,0.04
005741.OF,20220124,20211231,002371.SZ,11505257.0,34100.0,4.24,0.01
005741.OF,20220124,20211231,601166.SH,13550768.0,711700.0,4.99,0.0
005741.OF,20220124,20211231,600941.SH,3593049.58,62401.0,1.32,0.01
005741.OF,20220124,20211231,0941.HK,3615917.76,94500.0,1.33,0.02
005741.OF,20220124,20211231,0168.HK,7639654.4,128000.0,2.81,0.02
005741.OF,20220124,20211231,600519.SH,12505000.0,6100.0,4.6,0.0
005741.OF,20220124,20211231,600176.SH,11835460.0,650300.0,4.36,0.02
005741.OF,20220124,20211231,000672.SZ,11923587.0,594100.0,4.39,0.07
005741.OF,20211027,20210930,002371.SZ,7898904.0,21600.0,2.97,0.0
005741.OF,20211027,20210930,600309.SH,7920850.0,74200.0,2.98,0.01
005741.OF,20211027,20210930,603738.SH,8087760.0,169200.0,3.04,0.1
005741.OF,20211027,20210930,601888.SH,8242000.0,31700.0,3.1,0.0
005741.OF,20211027,20210930,002597.SZ,8566912.0,217600.0,3.22,0.04
005741.OF,20211027,20210930,000001.SZ,9510072.0,530400.0,3.58,0.0
005741.OF,20211027,20210930,601166.SH,9978990.0,545300.0,3.75,0.0
005741.OF,20211027,20210930,000672.SZ,11246313.0,594100.0,4.23,0.07
005741.OF,20211027,20210930,600176.SH,11432274.0,650300.0,4.3,0.02
005741.OF,20211027,20210930,0763.HK,14071116.49,659800.0,5.29,0.02
005741.OF,20210721,20210630,9966.HK,9573538.04,463000.0,3.66,
005741.OF,20210721,20210630,0763.HK,13313404.81,659800.0,5.09,0.02
005741.OF,20210721,20210630,0941.HK,7614925.73,188500.0,2.91,
005741.OF,20210721,20210630,000975.SZ,7795347.0,819700.0,2.98,0.03
005741.OF,20210721,20210630,000672.SZ,10384868.0,594100.0,3.97,0.07
005741.OF,20210721,20210630,002850.SZ,11562670.4,132296.0,4.42,0.09
005741.OF,20210721,20210630,603806.SH,8948665.6,85120.0,3.42,0.01
005741.OF,20210721,20210630,002049.SZ,14000452.0,90800.0,5.36,0.01
005741.OF,20210721,20210630,688008.SH,7782466.42,124759.0,2.98,0.03
005741.OF,20210721,20210630,2020.HK,13385171.71,88000.0,5.12,
005741.OF,20210422,20210331,002850.SZ,8199706.08,132296.0,5.0,0.1
005741.OF,20210422,20210331,300196.SZ,7896336.0,529600.0,4.81,0.22
005741.OF,20210422,20210331,002459.SZ,7653466.86,273143.0,4.66,0.07
005741.OF,20210422,20210331,601128.SH,7623560.0,1003100.0,4.65,0.04
005741.OF,20210422,20210331,601601.SH,6379824.0,168600.0,3.89,0.0
005741.OF,20210422,20210331,601166.SH,14821854.3,615270.0,9.03,0.0
005741.OF,20210422,20210331,600048.SH,10364918.55,728385.0,6.32,0.01
005741.OF,20210422,20210331,0941.HK,8117172.11,188500.0,4.95,
005741.OF,20210422,20210331,0883.HK,5208455.56,758000.0,3.17,
005741.OF,20210422,20210331,000625.SZ,10340193.12,747664.0,6.3,0.02
005741.OF,20210331,20201231,000333.SZ,9095856.0,92400.0,2.86,0.0
005741.OF,20210331,20201231,300868.SZ,14715.2,340.0,0.0,0.0
005741.OF,20210331,20201231,002049.SZ,5807354.0,43400.0,1.83,0.01
005741.OF,20210331,20201231,002475.SZ,5527820.0,98500.0,1.74,0.0
005741.OF,20210331,20201231,300888.SZ,401453.13,2567.0,0.13,0.01
005741.OF,20210331,20201231,003031.SZ,5909.49,387.0,0.0,0.0
005741.OF,20210331,20201231,300886.SZ,6713.49,147.0,0.0,0.0
005741.OF,20210331,20201231,003030.SZ,7286.4,480.0,0.0,0.0
005741.OF,20210331,20201231,605277.SH,8593.65,507.0,0.0,0.0
005741.OF,20210331,20201231,300881.SZ,9402.21,291.0,0.0,0.0
005741.OF,20210331,20201231,688526.SH,9817.6,236.0,0.0,0.0
005741.OF,20210331,20201231,300860.SZ,11273.63,89.0,0.0,0.0
005741.OF,20210331,20201231,300879.SZ,12637.92,466.0,0.0,0.0
005741.OF,20210331,20201231,300895.SZ,12819.9,283.0,0.0,0.0
005741.OF,20210331,20201231,300861.SZ,12826.1,251.0,0.0,0.0
005741.OF,20210331,20201231,300902.SZ,13367.26,551.0,0.0,0.0
005741.OF,20210331,20201231,300890.SZ,13971.1,286.0,0.0,0.0
005741.OF,20210331,20201231,300889.SZ,14427.48,479.0,0.0,0.0
005741.OF,20210331,20201231,300887.SZ,15649.2,210.0,0.0,0.0
005741.OF,20210331,20201231,300873.SZ,15825.56,383.0,0.0,0.0
005741.OF,20210331,20201231,300892.SZ,16322.72,272.0,0.01,0.0
005741.OF,20210331,20201231,605179.SH,16582.74,939.0,0.01,0.0
005741.OF,20210331,20201231,300908.SZ,17225.4,285.0,0.01,0.0
005741.OF,20210331,20201231,605186.SH,17609.38,626.0,0.01,0.0
005741.OF,20210331,20201231,003028.SZ,18010.08,432.0,0.01,0.0
005741.OF,20210331,20201231,300878.SZ,18123.84,372.0,0.01,0.0
005741.OF,20210331,20201231,003029.SZ,18716.24,716.0,0.01,0.0
005741.OF,20210331,20201231,300891.SZ,18745.2,1143.0,0.01,0.0
005741.OF,20210331,20201231,300884.SZ,20477.97,585.0,0.01,0.0
005741.OF,20210331,20201231,300871.SZ,20704.5,535.0,0.01,0.0
005741.OF,20210331,20201231,300872.SZ,22893.2,605.0,0.01,0.0
005741.OF,20210331,20201231,688111.SH,24249.0,59.0,0.01,0.0
005741.OF,20210331,20201231,300877.SZ,25170.75,495.0,0.01,0.0
005741.OF,20210331,20201231,300919.SZ,29463.29,479.0,0.01,0.0
005741.OF,20210331,20201231,300870.SZ,31390.26,478.0,0.01,0.0
005741.OF,20210331,20201231,300867.SZ,32577.43,1019.0,0.01,0.0
005741.OF,20210331,20201231,688679.SH,42345.11,3139.0,0.01,0.01
005741.OF,20210331,20201231,688156.SH,52222.14,2602.0,0.02,0.01
005741.OF,20210331,20201231,688577.SH,63141.03,1503.0,0.02,0.01
005741.OF,20210331,20201231,688160.SH,86704.59,2771.0,0.03,0.01
005741.OF,20210331,20201231,300869.SZ,95578.56,862.0,0.03,0.0
005741.OF,20210331,20201231,688658.SH,164870.9,7390.0,0.05,0.01
005741.OF,20210331,20201231,688559.SH,183466.28,5924.0,0.06,0.01
005741.OF,20210331,20201231,300999.SZ,199182.24,2256.0,0.06,0.0
005741.OF,20210331,20201231,688777.SH,312721.6,4055.0,0.1,0.01
005741.OF,20210331,20201231,688608.SH,378664.0,1144.0,0.12,0.0
005741.OF,20210331,20201231,688390.SH,573146.2,2585.0,0.18,0.01
005741.OF,20210331,20201231,688536.SH,938469.18,2354.0,0.29,0.01
005741.OF,20210331,20201231,002444.SZ,2065704.0,66400.0,0.65,0.01
005741.OF,20210331,20201231,002967.SZ,2100045.0,57300.0,0.66,0.03
005741.OF,20210331,20201231,000739.SZ,2262816.0,97200.0,0.71,0.01
005741.OF,20210331,20201231,300595.SZ,2383872.0,29100.0,0.75,0.01
005741.OF,20210331,20201231,002821.SZ,2393120.0,8000.0,0.75,0.0
005741.OF,20210331,20201231,600276.SH,2422583.1,21735.0,0.76,0.0
005741.OF,20210331,20201231,600763.SH,2433376.0,8800.0,0.76,0.0
005741.OF,20210331,20201231,000516.SZ,2491374.0,198200.0,0.78,0.01
005741.OF,20210331,20201231,603259.SH,2502558.72,18576.0,0.79,0.0
005741.OF,20210331,20201231,300015.SZ,2508815.0,33500.0,0.79,0.0
005741.OF,20210331,20201231,2269.HK,2855179.54,33000.0,0.9,
005741.OF,20210331,20201231,002714.SZ,2885775.9,37429.0,0.91,0.0
005741.OF,20210331,20201231,000830.SZ,3510666.0,274700.0,1.1,0.02
005741.OF,20210331,20201231,1999.HK,3607046.85,254800.0,1.13,
005741.OF,20210331,20201231,688023.SH,3771450.0,14500.0,1.19,0.03
005741.OF,20210331,20201231,600346.SH,3862657.0,138100.0,1.21,0.0
005741.OF,20210331,20201231,300777.SZ,4038678.0,79800.0,1.27,0.03
005741.OF,20210331,20201231,0268.HK,4335119.31,163000.0,1.36,
005741.OF,20210331,20201231,601799.SH,4658016.0,23232.0,1.46,0.01
005741.OF,20210331,20201231,3888.HK,4671102.0,111000.0,1.47,
005741.OF,20210331,20201231,600399.SH,5238840.0,351600.0,1.65,0.02
005741.OF,20210331,20201231,002236.SZ,5485662.0,275800.0,1.72,0.01
005741.OF,20210331,20201231,603517.SH,5520848.0,71200.0,1.74,0.01
005741.OF,20210331,20201231,600887.SH,5528502.0,124600.0,1.74,0.0
005741.OF,20210331,20201231,0700.HK,5696219.52,12000.0,1.79,
005741.OF,20210331,20201231,0291.HK,7090985.33,118000.0,2.23,
005741.OF,20210331,20201231,300750.SZ,7899975.0,22500.0,2.48,0.0
005741.OF,20210331,20201231,1579.HK,8033453.8,83000.0,2.52,
005741.OF,20210331,20201231,300059.SZ,8373100.0,270100.0,2.63,0.0
005741.OF,20210331,20201231,000858.SZ,9689420.0,33200.0,3.05,0.0
005741.OF,20210331,20201231,600519.SH,9990000.0,5000.0,3.14,0.0
005741.OF,20210331,20201231,002459.SZ,10068050.98,273143.0,3.16,0.07
005741.OF,20210122,20201231,601899.SH,10781490.92,1160548.0,3.39,0.01
005741.OF,20210122,20201231,300196.SZ,11273860.0,662000.0,3.54,0.27
005741.OF,20210122,20201231,600031.SH,11281050.0,322500.0,3.55,0.0
005741.OF,20210122,20201231,002850.SZ,11516366.8,132296.0,3.62,0.1
005741.OF,20210122,20201231,3690.HK,11727899.91,47300.0,3.69,
005741.OF,20210122,20201231,601601.SH,14154240.0,368600.0,4.45,0.01
005741.OF,20210122,20201231,000625.SZ,14878513.6,747664.0,4.68,0.02
005741.OF,20210122,20201231,601128.SH,16198362.0,2194900.0,5.09,0.08
005741.OF,20210122,20201231,600048.SH,20157606.7,1274185.0,6.33,0.01
005741.OF,20210122,20201231,601166.SH,21395297.9,1025170.0,6.72,0.01
005741.OF,20201028,20200930,600031.SH,8918087.0,358300.0,3.04,0.0
005741.OF,20201028,20200930,002216.SZ,10128501.0,291300.0,3.45,0.05
005741.OF,20201028,20200930,300750.SZ,10229880.0,48900.0,3.49,0.0
005741.OF,20201028,20200930,002142.SZ,10870044.0,345300.0,3.71,0.01
005741.OF,20201028,20200930,002311.SZ,11793759.0,192300.0,4.02,0.01
005741.OF,20201028,20200930,600036.SH,11876400.0,329900.0,4.05,0.0
005741.OF,20201028,20200930,603866.SH,12120665.59,203401.0,4.13,0.03
005741.OF,20201028,20200930,601799.SH,13136112.36,87732.0,4.48,0.03
005741.OF,20201028,20200930,600048.SH,14472373.65,910785.0,4.93,0.01
005741.OF,20201028,20200930,300059.SZ,15168877.0,632300.0,5.17,0.01
005741.OF,20200831,20200630,300846.SZ,3811.47,1131.0,0.0,0.0
005741.OF,20200831,20200630,300840.SZ,7038.9,1185.0,0.01,0.0
005741.OF,20200831,20200630,300847.SZ,9861.74,1421.0,0.01,0.0
005741.OF,20200831,20200630,300839.SZ,11751.82,502.0,0.01,0.0
005741.OF,20200831,20200630,600956.SH,12766.32,2533.0,0.01,0.0
005741.OF,20200831,20200630,300842.SZ,18527.6,455.0,0.01,0.0
005741.OF,20200831,20200630,688111.SH,20153.22,59.0,0.02,0.0
005741.OF,20200831,20200630,300824.SZ,26789.34,1954.0,0.02,0.0
005741.OF,20200831,20200630,603087.SH,47441.9,473.0,0.04,0.0
005741.OF,20200831,20200630,688600.SH,60744.5,3919.0,0.05,0.01
005741.OF,20200831,20200630,688027.SH,61433.64,1698.0,0.05,0.01
005741.OF,20200831,20200630,688568.SH,90419.38,5578.0,0.07,0.01
005741.OF,20200831,20200630,688310.SH,123144.84,3276.0,0.1,0.02
005741.OF,20200831,20200630,688157.SH,187575.6,2165.0,0.15,0.01
005741.OF,20200831,20200630,688365.SH,356521.78,8249.0,0.28,0.03
005741.OF,20200831,20200630,002075.SZ,361250.0,28900.0,0.28,0.0
005741.OF,20200831,20200630,002179.SZ,1205694.0,29400.0,0.94,0.0
005741.OF,20200831,20200630,600276.SH,1212360.5,13135.0,0.94,0.0
005741.OF,20200831,20200630,600395.SH,1465365.0,273900.0,1.14,0.02
005741.OF,20200831,20200630,603658.SH,1510692.0,9300.0,1.18,0.0
005741.OF,20200831,20200630,601601.SH,1561425.0,57300.0,1.22,0.0
005741.OF,20200831,20200630,002028.SZ,1577466.0,77100.0,1.23,0.01
005741.OF,20200831,20200630,603259.SH,1601241.6,16576.0,1.25,0.0
005741.OF,20200831,20200630,300760.SZ,1650780.0,5400.0,1.29,0.0
005741.OF,20200831,20200630,688029.SH,1769571.84,7296.0,1.38,0.02
005741.OF,20200831,20200630,000001.SZ,1788416.0,139720.0,1.39,0.0
005741.OF,20200831,20200630,600436.SH,2043000.0,12000.0,1.59,0.0
005741.OF,20200831,20200630,300450.SZ,2127785.66,46046.0,1.66,0.01
005741.OF,20200831,20200630,601012.SH,2158690.0,53000.0,1.68,0.0
005741.OF,20200831,20200630,300751.SZ,2464768.0,8300.0,1.92,0.03
005741.OF,20200831,20200630,300529.SZ,2654205.0,38190.0,2.07,0.01
005741.OF,20200831,20200630,000338.SZ,2759092.0,201100.0,2.15,0.0
005741.OF,20200831,20200630,601799.SH,3073400.0,24200.0,2.39,0.01
005741.OF,20200831,20200630,002125.SZ,3095372.0,340900.0,2.41,0.06
005741.OF,20200831,20200630,000538.SZ,3246951.72,34612.0,2.53,0.01
005741.OF,20200831,20200630,600233.SH,3507504.0,240900.0,2.73,0.01
005741.OF,20200831,20200630,002555.SZ,3519360.0,75200.0,2.74,0.01
005741.OF,20200831,20200630,601318.SH,3605700.0,50500.0,2.81,0.0
005741.OF,20200831,20200630,002714.SZ,3684178.0,44929.0,2.87,0.0
005741.OF,20200831,20200630,601668.SH,4134636.0,866800.0,3.22,0.0
005741.OF,20200831,20200630,600031.SH,4256644.0,226900.0,3.32,0.0
005741.OF,20200721,20200630,000401.SZ,4335612.0,270300.0,3.38,0.02
005741.OF,20200721,20200630,000651.SZ,4474687.0,79100.0,3.49,0.0
005741.OF,20200721,20200630,600519.SH,4534928.0,3100.0,3.53,0.0
005741.OF,20200721,20200630,300750.SZ,5457468.0,31300.0,4.25,0.0
005741.OF,20200721,20200630,002311.SZ,5825016.0,122400.0,4.54,0.01
005741.OF,20200721,20200630,002142.SZ,6220736.0,236800.0,4.85,0.0
005741.OF,20200721,20200630,600036.SH,8086056.0,239800.0,6.3,0.0
005741.OF,20200721,20200630,601398.SH,8318592.0,1670400.0,6.48,0.0
005741.OF,20200721,20200630,600048.SH,8502712.3,575285.0,6.62,0.0
005741.OF,20200721,20200630,300059.SZ,9550560.0,472800.0,7.44,0.01
005741.OF,20200421,20200331,601318.SH,5070161.0,73300.0,4.29,0.0
005741.OF,20200421,20200331,002475.SZ,5327899.2,139620.0,4.51,0.0
005741.OF,20200421,20200331,601668.SH,5543513.0,1051900.0,4.69,0.0
005741.OF,20200421,20200331,002311.SZ,5981760.0,148800.0,5.06,0.01
005741.OF,20200421,20200331,000001.SZ,6009856.0,469520.0,5.08,0.0
005741.OF,20200421,20200331,000401.SZ,6430119.0,327900.0,5.44,0.02
005741.OF,20200421,20200331,300059.SZ,6482595.0,403900.0,5.48,0.01
005741.OF,20200421,20200331,600048.SH,8554487.95,575285.0,7.24,0.0
005741.OF,20200421,20200331,601398.SH,8602560.0,1670400.0,7.28,0.0
005741.OF,20200421,20200331,600036.SH,9813120.0,304000.0,8.3,0.0
005741.OF,20200331,20191231,300571.SZ,6163024.0,112300.0,3.11,0.12
005741.OF,20200331,20191231,601916.SH,1370948.7,294195.0,0.69,0.01
005741.OF,20200331,20191231,1951.HK,1418772.2,152000.0,0.72,
005741.OF,20200331,20191231,2269.HK,1458083.5,16500.0,0.74,
005741.OF,20200331,20191231,3933.HK,1465352.76,288000.0,0.74,
005741.OF,20200331,20191231,3808.HK,1607889.27,108000.0,0.81,
005741.OF,20200331,20191231,603259.SH,1781600.8,19340.0,0.9,0.0
005741.OF,20200331,20191231,600276.SH,1798185.92,20546.0,0.91,0.0
005741.OF,20200331,20191231,688029.SH,1814780.0,11300.0,0.92,0.04
005741.OF,20200331,20191231,300760.SZ,1819000.0,10000.0,0.92,0.0
005741.OF,20200331,20191231,0902.HK,1905861.53,540000.0,0.96,0.0
005741.OF,20200331,20191231,003816.SZ,1987241.74,562958.0,1.0,0.03
005741.OF,20200331,20191231,002179.SZ,2179548.0,55800.0,1.1,0.01
005741.OF,20200331,20191231,601012.SH,2190006.0,88200.0,1.11,0.0
005741.OF,20200331,20191231,600233.SH,2228930.0,176200.0,1.13,0.01
005741.OF,20200331,20191231,002597.SZ,2319718.17,102597.0,1.17,0.02
005741.OF,20200331,20191231,300529.SZ,2471296.0,34400.0,1.25,0.02
005741.OF,20200331,20191231,600131.SH,3167236.0,159800.0,1.6,0.04
005741.OF,20200331,20191231,600309.SH,3415136.0,60800.0,1.73,0.0
005741.OF,20200331,20191231,300450.SZ,3428922.0,76300.0,1.73,0.01
005741.OF,20200331,20191231,601808.SH,3429120.0,178600.0,1.73,0.01
005741.OF,20200331,20191231,601799.SH,4027152.0,42400.0,2.04,0.02
005741.OF,20200331,20191231,0425.HK,4187771.5,170000.0,2.12,
005741.OF,20200331,20191231,002714.SZ,4424316.91,49829.0,2.24,0.0
005741.OF,20200331,20191231,000568.SZ,4594040.0,53000.0,2.32,0.0
005741.OF,20200331,20191231,600519.SH,5678400.0,4800.0,2.87,0.0
005741.OF,20200331,20191231,600745.SH,5772000.0,62400.0,2.92,0.01
005741.OF,20200331,20191231,600556.SH,6511896.0,536400.0,3.29,0.15
005741.OF,20200331,20191231,002475.SZ,8038030.0,220220.0,4.06,0.0
005741.OF,20200331,20191231,002973.SZ,6578.04,1146.0,0.0,0.0
005741.OF,20200331,20191231,688111.SH,9670.1,59.0,0.0,0.0
005741.OF,20200331,20191231,603109.SH,18105.48,684.0,0.01,0.0
005741.OF,20200331,20191231,002972.SZ,21532.25,1075.0,0.01,0.0
005741.OF,20200331,20191231,688310.SH,88845.12,3276.0,0.04,0.02
005741.OF,20200331,20191231,688081.SH,88946.13,3153.0,0.04,0.02
005741.OF,20200331,20191231,688181.SH,142011.42,3229.0,0.07,0.02
005741.OF,20200331,20191231,688369.SH,154677.6,2970.0,0.08,0.02
005741.OF,20200331,20191231,688039.SH,232815.0,2805.0,0.12,0.02
005741.OF,20200331,20191231,688122.SH,515452.0,15715.0,0.26,0.04
005741.OF,20200331,20191231,688018.SH,1026168.48,6264.0,0.52,0.04
005741.OF,20200331,20191231,688012.SH,1249309.92,14012.0,0.63,0.03
005741.OF,20200120,20191231,601601.SH,8290744.0,219100.0,4.19,0.0
005741.OF,20200120,20191231,002311.SZ,8380800.0,232800.0,4.24,0.02
005741.OF,20200120,20191231,601668.SH,8473274.0,1507700.0,4.28,0.0
005741.OF,20200120,20191231,000401.SZ,8797572.0,517200.0,4.45,0.04
005741.OF,20200120,20191231,601318.SH,9853538.0,115300.0,4.98,0.0
005741.OF,20200120,20191231,000651.SZ,9915696.0,151200.0,5.01,0.0
005741.OF,20200120,20191231,300059.SZ,10048644.0,637200.0,5.08,0.01
005741.OF,20200120,20191231,600036.SH,12055664.0,320800.0,6.09,0.0
005741.OF,20200120,20191231,000001.SZ,12211164.0,742320.0,6.17,0.0
005741.OF,20200120,20191231,600048.SH,13647587.3,843485.0,6.9,0.01
005741.OF,20191025,20190930,1336.HK,3842021.39,137400.0,2.97,0.01
005741.OF,20191025,20190930,000876.SZ,3798004.0,221200.0,2.94,0.01
005741.OF,20191025,20190930,600048.SH,3836690.0,268300.0,2.97,0.0
005741.OF,20191025,20190930,601128.SH,4112631.07,556513.0,3.18,0.02
005741.OF,20191025,20190930,601318.SH,4334592.0,49800.0,3.35,0.0
005741.OF,20191025,20190930,600745.SH,4375711.0,61900.0,3.38,0.01
005741.OF,20191025,20190930,300136.SZ,4464260.0,124700.0,3.45,0.02
005741.OF,20191025,20190930,601668.SH,5581497.0,1027900.0,4.31,0.0
005741.OF,20191025,20190930,601398.SH,5722444.0,1034800.0,4.42,0.0
005741.OF,20191025,20190930,601939.SH,5829660.0,834000.0,4.51,0.01
005741.OF,20190823,20190630,0700.HK,930504.35,3000.0,0.8,
005741.OF,20190823,20190630,603863.SH,22318.36,967.0,0.02,0.0
005741.OF,20190823,20190630,300788.SZ,23106.6,1556.0,0.02,0.0
005741.OF,20190823,20190630,603867.SH,26971.45,1045.0,0.02,0.0
005741.OF,20190823,20190630,300594.SZ,31803.31,721.0,0.03,0.0
005741.OF,20190823,20190630,601236.SH,33869.94,9789.0,0.03,0.0
005741.OF,20190823,20190630,601698.SH,39603.76,10103.0,0.03,0.0
005741.OF,20190823,20190630,300782.SZ,80927.56,743.0,0.07,0.0
005741.OF,20190823,20190630,600968.SH,86662.6,24412.0,0.07,0.0
005741.OF,20190823,20190630,000671.SZ,159408.0,24600.0,0.14,0.0
005741.OF,20190823,20190630,600636.SH,299481.0,27300.0,0.26,0.01
005741.OF,20190823,20190630,603985.SH,328230.0,21000.0,0.28,0.02
005741.OF,20190823,20190630,002419.SZ,405238.74,31029.0,0.35,0.0
005741.OF,20190823,20190630,002475.SZ,505716.0,20400.0,0.43,0.0
005741.OF,20190823,20190630,300681.SZ,597740.0,22000.0,0.51,0.12
005741.OF,20190823,20190630,603636.SH,618527.25,61545.0,0.53,0.01
005741.OF,20190823,20190630,000338.SZ,645225.0,52500.0,0.55,0.0
005741.OF,20190823,20190630,000425.SZ,669000.0,150000.0,0.58,0.0
005741.OF,20190823,20190630,601555.SH,681625.0,66500.0,0.59,0.0
005741.OF,20190823,20190630,002821.SZ,823872.0,8400.0,0.71,0.01
005741.OF,20190823,20190630,300690.SZ,840000.0,37500.0,0.72,0.07
005741.OF,20190823,20190630,002859.SZ,923130.0,35100.0,0.79,0.03
005741.OF,20190823,20190630,300571.SZ,968115.0,23300.0,0.83,0.03
005741.OF,20190823,20190630,600831.SH,989280.0,91600.0,0.85,0.01
005741.OF,20190823,20190630,601699.SH,1012350.0,127500.0,0.87,0.0
005741.OF,20190823,20190630,603816.SH,1026547.2,32160.0,0.88,0.02
005741.OF,20190823,20190630,603871.SH,1069200.0,35640.0,0.92,0.09
005741.OF,20190823,20190630,300568.SZ,1106400.0,48000.0,0.95,0.04
005741.OF,20190823,20190630,0902.HK,1165373.57,288000.0,1.0,0.0
005741.OF,20190823,20190630,3808.HK,1207139.82,101500.0,1.04,
005741.OF,20190823,20190630,600498.SH,1254173.62,45017.0,1.08,0.0
005741.OF,20190823,20190630,002563.SZ,1256416.0,113600.0,1.08,0.01
005741.OF,20190823,20190630,601766.SH,1289546.0,159400.0,1.11,0.0
005741.OF,20190823,20190630,002311.SZ,1427580.0,46200.0,1.23,0.0
005741.OF,20190823,20190630,300724.SZ,1429494.0,53700.0,1.23,0.07
005741.OF,20190823,20190630,600079.SH,1437450.0,136900.0,1.24,0.01
005741.OF,20190823,20190630,002449.SZ,1499312.0,112900.0,1.29,0.02
005741.OF,20190823,20190630,600887.SH,1546883.0,46300.0,1.33,0.0
005741.OF,20190823,20190630,600276.SH,1613436.0,24446.0,1.39,0.0
005741.OF,20190823,20190630,300770.SZ,1666076.5,19261.0,1.43,0.06
005741.OF,20190823,20190630,000961.SZ,1692164.0,195400.0,1.46,0.01
005741.OF,20190823,20190630,000333.SZ,1955122.0,37700.0,1.68,0.0
005741.OF,20190823,20190630,603233.SH,1959750.0,43550.0,1.69,0.05
005741.OF,20190823,20190630,603259.SH,2002308.0,23100.0,1.72,0.0
005741.OF,20190823,20190630,600745.SH,2056318.0,61900.0,1.77,0.01
005741.OF,20190823,20190630,601111.SH,2061378.0,215400.0,1.77,0.0
005741.OF,20190823,20190630,601088.SH,2121558.0,104100.0,1.82,0.0
005741.OF,20190823,20190630,601009.SH,2209450.88,267488.0,1.9,0.0
005741.OF,20190823,20190630,601799.SH,2297736.0,29100.0,1.98,0.01
005741.OF,20190823,20190630,000977.SZ,2359754.0,98900.0,2.03,0.01
005741.OF,20190823,20190630,600308.SH,2442117.6,547560.0,2.1,0.05
005741.OF,20190823,20190630,002463.SZ,2646366.0,194300.0,2.28,0.01
005741.OF,20190823,20190630,002796.SZ,2669328.0,66600.0,2.3,0.05
005741.OF,20190823,20190630,600030.SH,2866724.0,120400.0,2.47,0.0
005741.OF,20190823,20190630,603208.SH,2868019.0,83300.0,2.47,0.27
005741.OF,20190823,20190630,601857.SH,2906800.0,422500.0,2.5,0.0
005741.OF,20190716,20190630,300498.SZ,3680670.4,102640.0,3.17,0.0
005741.OF,20190716,20190630,601939.SH,6204960.0,834000.0,5.34,0.0
005741.OF,20190716,20190630,601128.SH,4296280.36,556513.0,3.69,0.0
005741.OF,20190716,20190630,601668.SH,5910425.0,1027900.0,5.08,0.0
005741.OF,20190716,20190630,601318.SH,4412778.0,49800.0,3.79,0.0
005741.OF,20190716,20190630,601166.SH,3882967.0,212300.0,3.34,0.0
005741.OF,20190716,20190630,601398.SH,6094972.0,1034800.0,5.24,0.0
005741.OF,20190716,20190630,600048.SH,3423508.0,268300.0,2.94,0.0
005741.OF,20190716,20190630,1336.HK,4592880.79,137400.0,3.95,0.0
005741.OF,20190716,20190630,000001.SZ,4930484.0,357800.0,4.24,0.0
005741.OF,20190419,20190331,603882.SH,2385450.0,77500.0,3.17,0.0
005741.OF,20190419,20190331,603638.SH,2133933.48,72068.0,2.84,0.0
005741.OF,20190419,20190331,603636.SH,2142250.0,155800.0,2.85,0.0
005741.OF,20190419,20190331,601939.SH,3067730.0,441400.0,4.08,0.0
005741.OF,20190419,20190331,601799.SH,2331880.0,38800.0,3.1,0.0
005741.OF,20190419,20190331,300122.SZ,2457501.2,48092.0,3.27,0.0
005741.OF,20190419,20190331,601336.SH,2663024.0,49600.0,3.54,0.0
005741.OF,20190419,20190331,601166.SH,3857491.0,212300.0,5.13,0.0
005741.OF,20190419,20190331,600048.SH,4808848.0,337700.0,6.39,0.0
005741.OF,20190419,20190331,1336.HK,6529497.48,190300.0,8.68,0.0
005741.OF,20190327,20181231,000002.SZ,469254.0,19700.0,0.9,0.0
005741.OF,20190327,20181231,002859.SZ,1436025.0,46700.0,2.75,0.0
005741.OF,20190327,20181231,0902.HK,1554095.61,356160.0,2.98,0.0
005741.OF,20190327,20181231,600276.SH,1867350.0,35400.0,3.58,0.0
005741.OF,20190327,20181231,300031.SZ,1894084.0,143600.0,3.63,0.0
005741.OF,20190327,20181231,600036.SH,1902600.0,75500.0,3.64,0.0
005741.OF,20190327,20181231,600887.SH,1942512.0,84900.0,3.72,0.0
005741.OF,20190327,20181231,000786.SZ,1945664.0,141400.0,3.73,0.0
005741.OF,20190327,20181231,300568.SZ,2079203.0,93700.0,3.98,0.0
005741.OF,20190327,20181231,300114.SZ,2113216.0,296800.0,4.05,0.0
005741.OF,20190327,20181231,300523.SZ,2188410.0,36780.0,4.19,0.0
005741.OF,20190327,20181231,002831.SZ,2259384.0,56400.0,4.33,0.0
005741.OF,20190327,20181231,002138.SZ,2297440.0,166000.0,4.4,0.0
005741.OF,20190327,20181231,601225.SH,2353272.0,316300.0,4.51,0.0
005741.OF,20190121,20181231,601799.SH,2408250.0,50700.0,4.61,0.02
005741.OF,20190121,20181231,002376.SZ,2426788.0,158200.0,4.65,0.03
005741.OF,20190121,20181231,600498.SH,2439879.0,85700.0,4.67,0.01
005741.OF,20190121,20181231,002311.SZ,2469922.0,106600.0,4.73,0.01
005741.OF,20190121,20181231,300122.SZ,2519400.0,65000.0,4.83,0.01
005741.OF,20190121,20181231,601600.SH,2533990.0,713800.0,4.85,0.01
005741.OF,20190121,20181231,002419.SZ,2618725.49,238717.0,5.02,0.02
005741.OF,20190121,20181231,002597.SZ,2631622.35,165615.0,5.04,0.03
005741.OF,20190121,20181231,601636.SH,2683940.0,706300.0,5.14,0.03
005741.OF,20190121,20181231,600406.SH,3164924.0,170800.0,6.06,0.01
005741.OF,20181026,20180930,0753.HK,1450228.0,218000.0,4.56,0.0
005741.OF,20181026,20180930,002597.SZ,1463580.0,86500.0,4.6,0.02
005741.OF,20181026,20180930,002419.SZ,1473359.76,130617.0,4.63,0.01
005741.OF,20181026,20180930,000786.SZ,1489782.0,89800.0,4.68,0.01
005741.OF,20181026,20180930,600276.SH,1587500.0,25000.0,4.99,0.0
005741.OF,20181026,20180930,300114.SZ,1601360.0,148000.0,5.03,0.03
005741.OF,20181026,20180930,600867.SH,1605390.0,88500.0,5.04,0.0
005741.OF,20181026,20180930,601888.SH,1809332.0,26600.0,5.68,0.0
005741.OF,20181026,20180930,600406.SH,1948560.0,110400.0,6.12,0.01
005741.OF,20181026,20180930,0902.HK,2691855.05,594000.0,8.46,0.01
